time,DE,WDE,RQ,CH,CL,train_acc,val_acc,test_acc
0.0,1542.515625,-38.67669677734375,0.8415240049362183,-0.004389544948935509,0.11696871370077133,0.525,0.55,0.45
0.1,1339.7486572265625,-30.428855895996094,0.825781524181366,-0.0005901099648326635,0.0735902488231659,0.525,0.55,0.45
0.2,1162.9876708984375,34.669158935546875,0.8029048442840576,-0.0033841547556221485,0.02270040288567543,0.5375,0.55,0.45
0.30000000000000004,1009.3665771484375,-56.621673583984375,0.7717207074165344,0.005626928061246872,-0.036580439656972885,0.53125,0.55,0.45
0.4,877.7145385742188,-31.737733840942383,0.7317034602165222,0.01913974992930889,-0.10671012848615646,0.53125,0.55,0.45
0.5,764.0772094726562,-28.212848663330078,0.6826323866844177,0.028353439643979073,-0.18859882652759552,0.5375,0.55,0.45
0.6000000000000001,666.3755493164062,21.808324813842773,0.6254727244377136,0.007422361522912979,-0.28125786781311035,0.525,0.55,0.45
0.7000000000000001,583.34765625,51.05096435546875,0.5635718107223511,0.023195872083306313,-0.36928561329841614,0.5375,0.55,0.45
0.8,512.5478515625,21.849191665649414,0.4995558559894562,0.020051920786499977,-0.4450637400150299,0.54375,0.55,0.45
0.9,451.92401123046875,-6.824228763580322,0.4364701807498932,0.019628696143627167,-0.510025143623352,0.54375,0.55,0.45
1.0,400.1073303222656,-33.68780517578125,0.3769461214542389,0.028270667418837547,-0.5665690302848816,0.54375,0.55,0.45
1.1,355.44317626953125,143.49095153808594,0.32235226035118103,0.012940753251314163,-0.6174814701080322,0.54375,0.55,0.45
1.2000000000000002,316.7781982421875,-31.462934494018555,0.27424880862236023,0.01947331428527832,-0.6617002487182617,0.54375,0.55,0.45
1.3,283.8323974609375,90.2384262084961,0.23275882005691528,0.03339783102273941,-0.7013235688209534,0.54375,0.55,0.45
1.4000000000000001,255.7410888671875,16.63320541381836,0.19749340415000916,0.04140587896108627,-0.7338852286338806,0.5375,0.55,0.45
1.5,228.6385955810547,64.38568878173828,0.16592000424861908,0.025072336196899414,-0.765504777431488,0.53125,0.55,0.45
1.6,206.93649291992188,286.6134033203125,0.1408204734325409,0.0010860583279281855,-0.7935121655464172,0.53125,0.55,0.45
1.7000000000000002,186.34854125976562,285.4395446777344,0.11897028982639313,0.030796337872743607,-0.8230788707733154,0.525,0.55,0.45
1.8,169.5258026123047,-135.9654541015625,0.10150592774152756,0.01677064411342144,-0.8490567803382874,0.525,0.55,0.45
1.9000000000000001,154.67469787597656,138.92791748046875,0.0869743674993515,0.04016045853495598,-0.8760503530502319,0.51875,0.55,0.45
2.0,140.4847412109375,-83.79475402832031,0.07419929653406143,0.013904495164752007,-0.9090287089347839,0.51875,0.55,0.45
2.1,128.07118225097656,-529.1954345703125,0.06363717466592789,0.010157891549170017,-0.9310506582260132,0.51875,0.55,0.45
2.2,117.74577331542969,-127.374267578125,0.0551723949611187,0.030729757621884346,-0.9483591318130493,0.51875,0.55,0.45
2.3000000000000003,108.35798645019531,-378.39593505859375,0.0479387529194355,0.016881806775927544,-0.9604023694992065,0.51875,0.55,0.45
2.4000000000000004,98.61995697021484,-291.5703430175781,0.04129111394286156,0.011716708540916443,-0.9680266976356506,0.51875,0.55,0.45
2.5,91.07518005371094,332.1223449707031,0.03617238625884056,0.02662721276283264,-0.9732507467269897,0.51875,0.55,0.45
2.6,83.5655517578125,51.32974624633789,0.03153535723686218,0.007605972699820995,-0.9792324304580688,0.51875,0.55,0.45
2.7,77.46304321289062,-241.86685180664062,0.027827074751257896,0.015667006373405457,-0.9821517467498779,0.51875,0.55,0.45
2.8000000000000003,72.88268280029297,279.41796875,0.024912087246775627,0.006116983015090227,-0.9847345352172852,0.51875,0.55,0.45
2.9000000000000004,69.90391540527344,-336.64642333984375,0.022796345874667168,-0.00011447770521044731,-0.9865195751190186,0.5125,0.55,0.4
3.0,61.80990219116211,-649.117431640625,0.019046517089009285,0.011538857594132423,-0.9883024096488953,0.5125,0.55,0.4
3.1,57.50107192993164,396.43133544921875,0.01694396696984768,0.013802282512187958,-0.9900360703468323,0.5125,0.55,0.4
3.2,55.07611083984375,-186.07373046875,0.015504995360970497,-0.005672168917953968,-0.9911790490150452,0.5125,0.55,0.4
3.3000000000000003,52.34074401855469,635.126708984375,0.014065303839743137,0.008002395741641521,-0.9922451972961426,0.5125,0.55,0.4
3.4000000000000004,47.13636779785156,-63.50537872314453,0.012031147256493568,0.005978131201118231,-0.9928661584854126,0.5125,0.55,0.4
3.5,44.456581115722656,809.2899169921875,0.010824637487530708,0.0025413832627236843,-0.9940499663352966,0.5125,0.55,0.4
3.6,40.563575744628906,134.58763122558594,0.00944459717720747,0.0016664577415212989,-0.9946274757385254,0.5125,0.55,0.45
3.7,37.38316345214844,-415.309326171875,0.008348367176949978,0.005130862817168236,-0.9953576326370239,0.5125,0.55,0.4
3.8000000000000003,34.63731002807617,410.40924072265625,0.007425129879266024,-0.004241410177201033,-0.9957871437072754,0.5125,0.55,0.4
3.9000000000000004,32.43037796020508,-472.27716064453125,0.006679258309304714,0.009217113256454468,-0.9962727427482605,0.5125,0.55,0.4
4.0,31.00200653076172,-408.2522888183594,0.006121200509369373,0.00472825625911355,-0.9965311884880066,0.50625,0.55,0.4
4.1000000000000005,29.937719345092773,1186.871826171875,0.005654478911310434,0.00541894044727087,-0.9968841671943665,0.5125,0.55,0.4
4.2,27.44354248046875,-975.0054931640625,0.004958375822752714,0.005915240850299597,-0.9972670078277588,0.5125,0.55,0.4
4.3,26.441585540771484,397.85015869140625,0.004573434125632048,0.0030878016259521246,-0.9975049495697021,0.5125,0.55,0.4
4.4,23.935749053955078,699.0640869140625,0.003956176806241274,-0.0017743050120770931,-0.9977396726608276,0.5125,0.55,0.4
4.5,23.615156173706055,6.648433208465576,0.0037577871698886156,-0.001997162587940693,-0.9979559183120728,0.5125,0.55,0.4
4.6000000000000005,21.211793899536133,-508.5514221191406,0.0032451755832880735,-0.0015068347565829754,-0.9981855154037476,0.5125,0.55,0.4
4.7,20.371217727661133,-848.9636840820312,0.0030005252920091152,0.005244628060609102,-0.9983772039413452,0.525,0.55,0.45
4.800000000000001,21.025453567504883,-987.2771606445312,0.002977953525260091,0.0087201576679945,-0.9984298348426819,0.5125,0.55,0.45
4.9,19.024524688720703,-1078.4686279296875,0.002589981770142913,0.008450931869447231,-0.998636782169342,0.6,0.65,0.6
5.0,16.240568161010742,1513.718994140625,0.0021186573430895805,0.002652320545166731,-0.9988110661506653,0.2375,0.1,0.1
5.1000000000000005,16.482757568359375,-1078.838134765625,0.0020608329214155674,0.006981350481510162,-0.9989282488822937,0.7125,0.7,0.8
5.2,17.004722595214844,86.84037017822266,0.002047309186309576,0.000557546503841877,-0.9989791512489319,0.9,0.9,0.95
5.300000000000001,16.915454864501953,752.9536743164062,0.0019582086242735386,-0.0006638228660449386,-0.9990321397781372,0.80625,0.7,0.8
5.4,17.410642623901367,53.404117584228516,0.0019347715424373746,-0.000599622551817447,-0.9990969896316528,0.09375,0.1,0.2
5.5,14.249246597290039,1750.8287353515625,0.0015187753597274423,-0.0053513869643211365,-0.9992510676383972,0.84375,0.9,1.0
5.6000000000000005,14.41435432434082,769.4087524414062,0.0014744438230991364,0.006818396970629692,-0.9992968440055847,0.73125,0.65,0.85
5.7,11.663597106933594,1246.6700439453125,0.0011471022153273225,-2.9369606636464596e-05,-0.9994087815284729,0.31875,0.35,0.45
5.800000000000001,12.2500638961792,1093.2060546875,0.0011576650431379676,0.00525247398763895,-0.9994370341300964,0.325,0.35,0.45
5.9,9.425854682922363,-643.051513671875,0.0008578397100791335,0.004410868044942617,-0.9995288252830505,0.4875,0.45,0.6
6.0,11.72954273223877,-3166.7568359375,0.00102952029556036,6.741622928529978e-05,-0.9995154142379761,0.525,0.45,0.65
6.1000000000000005,11.305051803588867,-452.2359924316406,0.000955090275965631,0.0012793787755072117,-0.9995316863059998,0.50625,0.45,0.65
6.2,12.95106029510498,-888.60888671875,0.0010558129288256168,-0.0012188409455120564,-0.9994990229606628,0.49375,0.45,0.6
6.300000000000001,12.748275756835938,246.4485626220703,0.0010003637289628386,0.0026561992708593607,-0.9995720386505127,0.5,0.45,0.6
6.4,12.597043991088867,2202.8193359375,0.0009528218070045114,0.00801073294132948,-0.9995984435081482,0.49375,0.45,0.6
6.5,9.808639526367188,1026.62744140625,0.000714964815415442,0.003909641411155462,-0.9996851086616516,0.49375,0.45,0.6
6.6000000000000005,12.53281021118164,-2526.95849609375,0.000883346947375685,0.004095855634659529,-0.9996263384819031,0.4875,0.45,0.6
6.7,10.835281372070312,1378.388427734375,0.0007380858296528459,0.0005239908350631595,-0.9996691942214966,0.49375,0.45,0.6
6.800000000000001,8.689276695251465,2271.542724609375,0.0005721488851122558,0.0018559558084234595,-0.9997236132621765,0.49375,0.45,0.6
6.9,7.190638065338135,-821.4829711914062,0.0004582516266964376,-0.0004041992942802608,-0.9997815489768982,0.49375,0.45,0.6
7.0,8.243939399719238,-3729.17822265625,0.0005093404906801879,0.0004520004731602967,-0.9997714161872864,0.49375,0.45,0.6
7.1000000000000005,13.379209518432617,3904.375,0.0008013304905034602,0.0019266045419499278,-0.9996870756149292,0.49375,0.45,0.6
7.2,10.855449676513672,-10.688067436218262,0.0006287017022259533,0.0006854956736788154,-0.9997326135635376,0.49375,0.45,0.6
7.300000000000001,11.4901762008667,-2918.994873046875,0.0006452971720136702,2.9459944926202297e-05,-0.9997519850730896,0.49375,0.45,0.6
7.4,7.662106513977051,-825.6317138671875,0.0004165348073001951,0.0010217470116913319,-0.9998242855072021,0.49375,0.45,0.6
7.5,8.774497985839844,-1688.1370849609375,0.0004627426096703857,0.006217073183506727,-0.9998064637184143,0.49375,0.45,0.6
7.6000000000000005,8.339347839355469,1258.6256103515625,0.00042662746272981167,0.002639685058966279,-0.9998220205307007,0.49375,0.45,0.6
7.7,8.089150428771973,-461.38037109375,0.0004019770713057369,-0.0009773661149665713,-0.9998273849487305,0.49375,0.45,0.6
7.800000000000001,9.162214279174805,-2661.8701171875,0.0004419050819706172,0.007402466610074043,-0.9998183250427246,0.49375,0.45,0.6
7.9,6.698019504547119,-257.5741882324219,0.000313497002935037,-6.328488234430552e-05,-0.9998649954795837,0.49375,0.45,0.6
