time,DE,WDE,RQ,CH,CL,train_acc,val_acc,test_acc
0.0,630.1013793945312,-67.08492279052734,0.5823038816452026,0.0,0.0,0.6478696741854637,0.48450704225352115,0.4624624624624625
0.5,652.934326171875,-205.9757843017578,0.5089974999427795,0.0,0.0,0.7324561403508771,0.539906103286385,0.5255255255255256
1.0,717.6006469726562,-409.3971862792969,0.40241697430610657,0.0,0.0,0.8013784461152882,0.5990610328638498,0.581081081081081
1.5,838.2163696289062,-772.22216796875,0.30416375398635864,0.0,0.0,0.8621553884711779,0.6469483568075117,0.6366366366366366
2.0,1046.2352294921875,-1454.2520751953125,0.22809237241744995,0.0,0.0,0.9041353383458647,0.692018779342723,0.6741741741741741
2.5,1401.3953857421875,-2762.650390625,0.174238383769989,0.0,0.0,0.9197994987468672,0.7164319248826291,0.6876876876876877
3.0,2014.8675537109375,-5302.556640625,0.13773873448371887,0.0,0.0,0.9260651629072681,0.723943661971831,0.6891891891891891
3.5,3094.5224609375,-10276.1337890625,0.11333614587783813,0.0,0.0,0.9279448621553885,0.7267605633802817,0.6951951951951952
4.0,5032.93310546875,-20084.111328125,0.0969138815999031,0.0,0.0,0.9254385964912281,0.7286384976525822,0.6966966966966966
4.5,8579.23828125,-39541.11328125,0.08564461022615433,0.0,0.0,0.9279448621553885,0.7305164319248826,0.6996996996996997
5.0,15176.8037109375,-78338.4375,0.07769902795553207,0.0,0.0,0.9241854636591479,0.7286384976525822,0.7057057057057057
5.5,27630.44921875,-156047.796875,0.07192423194646835,0.0,0.0,0.9191729323308271,0.7295774647887324,0.7162162162162162
6.0,51431.85546875,-312311.03125,0.06759828329086304,0.0,0.0,0.9179197994987469,0.7333333333333333,0.7177177177177178
6.5,97404.8125,-627636.0625,0.06426498293876648,0.0,0.0,0.9147869674185464,0.7323943661971831,0.7192192192192193
7.0,187007.390625,-1265921.5,0.0616314522922039,0.0,0.0,0.9116541353383458,0.7323943661971831,0.7267267267267268
7.5,363000.0,-2561571.0,0.059505708515644073,0.0,0.0,0.9078947368421053,0.7370892018779343,0.7267267267267268
8.0,710985.375,-5198260.0,0.05775847285985947,0.0,0.0,0.9035087719298246,0.7370892018779343,0.7282282282282282
8.5,1403037.25,-10576344.0,0.05630103498697281,0.0,0.0,0.8972431077694235,0.7370892018779343,0.7327327327327328
9.0,2786325.0,-21569098.0,0.05507032945752144,0.0,0.0,0.893483709273183,0.7361502347417841,0.7327327327327328
9.5,5563616.0,-44081408.0,0.05402012914419174,0.0,0.0,0.8859649122807017,0.7314553990610329,0.7312312312312312
10.0,11161799.0,-90266552.0,0.05311672389507294,0.0,0.0,0.8809523809523809,0.7333333333333333,0.7312312312312312
10.5,22485964.0,-185172880.0,0.05233430862426758,0.0,0.0,0.8790726817042607,0.7352112676056338,0.7297297297297297
11.0,45465616.0,-380493472.0,0.05165290832519531,0.0,0.0,0.8778195488721805,0.7342723004694836,0.7282282282282282
11.5,92231184.0,-783039488.0,0.05105677619576454,0.0,0.0,0.8771929824561403,0.7342723004694836,0.7297297297297297
12.0,187651328.0,-1613764480.0,0.05053359642624855,0.0,0.0,0.8765664160401002,0.7333333333333333,0.7282282282282282
12.5,382809184.0,-3330240256.0,0.050073299556970596,0.0,0.0,0.87468671679198,0.7323943661971831,0.7282282282282282
13.0,782825856.0,-6881021440.0,0.04966706410050392,0.0,0.0,0.8715538847117794,0.7323943661971831,0.7267267267267268
13.5,1604387200.0,-14234398720.0,0.04930844530463219,0.0,0.0,0.868421052631579,0.7323943661971831,0.7282282282282282
14.0,3294848256.0,-29478432768.0,0.048991523683071136,0.0,0.0,0.8659147869674185,0.7342723004694836,0.7282282282282282
14.5,6779133440.0,-61111336960.0,0.048711322247982025,0.0,0.0,0.8627819548872181,0.7333333333333333,0.7282282282282282
15.0,13972178944.0,-126813855744.0,0.04846373200416565,0.0,0.0,0.8596491228070176,0.7323943661971831,0.7312312312312312
15.5,28843673600.0,-263400636416.0,0.04824503883719444,0.0,0.0,0.8583959899749374,0.7342723004694836,0.7282282282282282
16.0,59632730112.0,-547584966656.0,0.048052456229925156,0.0,0.0,0.8571428571428571,0.7352112676056338,0.7327327327327328
16.5,123458985984.0,-1139336282112.0,0.04788298159837723,0.0,0.0,0.8558897243107769,0.7352112676056338,0.7327327327327328
17.0,255932235776.0,-2372469784576.0,0.04773441329598427,0.0,0.0,0.8515037593984962,0.7361502347417841,0.7312312312312312
17.5,531197263872.0,-4944035840000.0,0.04760459065437317,0.0,0.0,0.850250626566416,0.7352112676056338,0.7312312312312312
18.0,1103780249600.0,-10310503104512.0,0.047491662204265594,0.0,0.0,0.8477443609022557,0.7342723004694836,0.7327327327327328
18.5,2296020992000.0,-21516980846592.0,0.04739421606063843,0.0,0.0,0.8446115288220551,0.7342723004694836,0.7297297297297297
19.0,4780885278720.0,-44933809438720.0,0.047310665249824524,0.0,0.0,0.8414786967418546,0.7323943661971831,0.7327327327327328
19.5,9964493996032.0,-93895190904832.0,0.04723963886499405,0.0,0.0,0.8408521303258145,0.7305164319248826,0.7327327327327328
20.0,20787100647424.0,-196327132626944.0,0.04718010127544403,0.0,0.0,0.8389724310776943,0.7286384976525822,0.7327327327327328
20.5,43401340780544.0,-410746143899648.0,0.04713114723563194,0.0,0.0,0.8383458646616542,0.7286384976525822,0.7327327327327328
21.0,90690860089344.0,-859830440951808.0,0.04709147661924362,0.0,0.0,0.8370927318295739,0.7295774647887324,0.7312312312312312
21.5,189651914588160.0,-1800896967081984.0,0.047060638666152954,0.0,0.0,0.8345864661654135,0.7286384976525822,0.7312312312312312
22.0,396887559503872.0,-3773920922566656.0,0.04703778028488159,0.0,0.0,0.8327067669172933,0.7295774647887324,0.7282282282282282
22.5,831148850675712.0,-7912543624364032.0,0.0470222607254982,0.0,0.0,0.831453634085213,0.7267605633802817,0.7252252252252253
23.0,1741714465226752.0,-1.6597813068562432e+16,0.04701322317123413,0.0,0.0,0.8295739348370927,0.7258215962441315,0.7252252252252253
23.5,3652148130742272.0,-3.4832889145196544e+16,0.04701034724712372,0.0,0.0,0.8276942355889725,0.7258215962441315,0.7237237237237237
24.0,7662677459468288.0,-7.313493504452198e+16,0.04701313376426697,0.0,0.0,0.8270676691729323,0.7248826291079812,0.7237237237237237
24.5,1.6086507949391872e+16,-1.5362086123497062e+17,0.047021109610795975,0.0,0.0,0.8264411027568922,0.723943661971831,0.7237237237237237
25.0,3.378943972553523e+16,-3.228188816577659e+17,0.04703368991613388,0.0,0.0,0.8264411027568922,0.7230046948356808,0.7237237237237237
25.5,7.101140013416448e+16,-6.786487445136343e+17,0.047050610184669495,0.0,0.0,0.825187969924812,0.723943661971831,0.7237237237237237
26.0,1.4931148002872525e+17,-1.4272581769520742e+18,0.04707147181034088,0.0,0.0,0.8233082706766918,0.723943661971831,0.7222222222222222
26.5,3.14099548291072e+17,-3.0027970417818337e+18,0.04709605127573013,0.0,0.0,0.8226817042606517,0.723943661971831,0.7207207207207207
27.0,6.610614375520666e+17,-6.319894979921576e+18,0.047123778611421585,0.0,0.0,0.8226817042606517,0.7230046948356808,0.7192192192192193
27.5,1.3919020061714022e+18,-1.3306051125321925e+19,0.047154806554317474,0.0,0.0,0.8220551378446115,0.723943661971831,0.7192192192192193
28.0,2.931974474179805e+18,-2.8024572271080243e+19,0.04718860983848572,0.0,0.0,0.8195488721804511,0.723943661971831,0.7192192192192193
28.5,6.178587394787246e+18,-5.904386237250142e+19,0.0472249835729599,0.0,0.0,0.818295739348371,0.7220657276995305,0.7162162162162162
29.0,1.3025333712122806e+19,-1.2443765948210689e+20,0.047263696789741516,0.0,0.0,0.8164160401002506,0.72018779342723,0.7162162162162162
29.5,2.7469620165239374e+19,-2.6234092352037716e+20,0.04730468988418579,0.0,0.0,0.8157894736842105,0.7192488262910798,0.7162162162162162
30.0,5.795280379011976e+19,-5.532395241216315e+20,0.04734770953655243,0.0,0.0,0.8151629072681704,0.7173708920187793,0.7102102102102102
30.5,1.2230620781315149e+20,-1.1670497892191175e+21,0.04739254713058472,0.0,0.0,0.8139097744360902,0.7145539906103286,0.7087087087087087
31.0,2.5820769218579975e+20,-2.462582912944976e+21,0.04743902012705803,0.0,0.0,0.8126566416040101,0.7136150234741784,0.7102102102102102
31.5,5.452947169821128e+20,-5.197732119587716e+21,0.04748716950416565,0.0,0.0,0.8114035087719298,0.7136150234741784,0.7102102102102102
32.0,1.1519397902568244e+21,-1.097374894932794e+22,0.04753660038113594,0.0,0.0,0.8101503759398496,0.7136150234741784,0.7102102102102102
32.5,2.43421980544175e+21,-2.317452613513111e+22,0.04758717492222786,0.0,0.0,0.8101503759398496,0.711737089201878,0.7102102102102102
33.0,5.14537383326986e+21,-4.895286694162163e+22,0.047639019787311554,0.0,0.0,0.8095238095238095,0.7107981220657277,0.7102102102102102
33.5,1.087919474925139e+22,-1.0343173169082015e+23,0.04769209399819374,0.0,0.0,0.8057644110275689,0.711737089201878,0.7102102102102102
34.0,2.3008858971038472e+22,-2.185922419343968e+23,0.04774591699242592,0.0,0.0,0.8051378446115288,0.7098591549295775,0.7117117117117117
34.5,4.867522452819386e+22,-4.6208099509844703e+23,0.04780060052871704,0.0,0.0,0.8051378446115288,0.7098591549295775,0.7132132132132132
35.0,1.0299867455785145e+23,-9.770147222142394e+23,0.047856222838163376,0.0,0.0,0.8032581453634086,0.707981220657277,0.7132132132132132
35.5,2.1800297294475314e+23,-2.066241132744042e+24,0.04791237786412239,0.0,0.0,0.8026315789473685,0.704225352112676,0.7117117117117117
36.0,4.615267641139043e+23,-4.3707418530959975e+24,0.0479692742228508,0.0,0.0,0.8020050125313283,0.7023474178403756,0.7117117117117117
36.5,9.77308356909944e+23,-9.247431779273664e+24,0.048026617616415024,0.0,0.0,0.8007518796992481,0.6995305164319249,0.7102102102102102
37.0,2.0699672309317434e+24,-1.9569348354431257e+25,0.04808459058403969,0.0,0.0,0.8007518796992481,0.6995305164319249,0.7087087087087087
37.5,4.385198912303015e+24,-4.142080798182538e+25,0.0481429398059845,0.0,0.0,0.7988721804511278,0.6976525821596244,0.7072072072072072
38.0,9.291938584576754e+24,-8.768907904145627e+25,0.04820151999592781,0.0,0.0,0.7976190476190477,0.6985915492957746,0.7072072072072072
38.5,1.9692983044899277e+25,-1.856756286869472e+26,0.04826068878173828,0.0,0.0,0.7976190476190477,0.6995305164319249,0.7072072072072072
39.0,4.174478353630592e+25,-3.932282472950865e+26,0.04831964522600174,0.0,0.0,0.7969924812030075,0.6995305164319249,0.7072072072072072
39.5,8.850664796217511e+25,-8.329382313722249e+26,0.048379067331552505,0.0,0.0,0.7969924812030075,0.6995305164319249,0.7072072072072072
40.0,1.8768514319936082e+26,-1.764643872289953e+27,0.04843859001994133,0.0,0.0,0.7969924812030075,0.6995305164319249,0.7072072072072072
40.5,3.980722516083782e+26,-3.7391750937984783e+27,0.04849838465452194,0.0,0.0,0.7969924812030075,0.6995305164319249,0.7072072072072072
41.0,8.444414734026376e+26,-7.924410758469375e+27,0.04855802282691002,0.0,0.0,0.7944862155388471,0.6985915492957746,0.7072072072072072
41.5,1.7916392802892773e+27,-1.67968861732229e+28,0.048617854714393616,0.0,0.0,0.7944862155388471,0.6995305164319249,0.7087087087087087
42.0,3.8019185209252207e+27,-3.5608976129879663e+28,0.0486777238547802,0.0,0.0,0.7944862155388471,0.6995305164319249,0.7087087087087087
42.5,8.069083407151138e+27,-7.550181868049563e+28,0.048737432807683945,0.0,0.0,0.7944862155388471,0.6995305164319249,0.7072072072072072
43.0,1.7128238101043174e+28,-1.6011089112839875e+29,0.048797380179166794,0.0,0.0,0.793233082706767,0.6976525821596244,0.7042042042042042
43.5,3.636355834781092e+28,-3.3958480709917824e+29,0.04885712265968323,0.0,0.0,0.7919799498746867,0.6976525821596244,0.7027027027027027
44.0,7.721174508264438e+28,-7.203407919111523e+29,0.04891658574342728,0.0,0.0,0.7907268170426065,0.6976525821596244,0.7027027027027027
44.5,1.639690456554373e+29,-1.5282295738271568e+30,0.048975881189107895,0.0,0.0,0.7907268170426065,0.6967136150234742,0.7012012012012012
45.0,3.482572253608431e+29,-3.2426388618097e+30,0.04903523996472359,0.0,0.0,0.7894736842105263,0.6967136150234742,0.7027027027027027
45.5,7.397695898739065e+29,-6.881237801780689e+30,0.04909433797001839,0.0,0.0,0.7857142857142857,0.6967136150234742,0.7012012012012012
46.0,1.5716259306266808e+30,-1.4604648388353698e+31,0.04915319010615349,0.0,0.0,0.7850877192982456,0.6967136150234742,0.7012012012012012
46.5,3.3393112194380935e+30,-3.100065404199268e+31,0.04921169579029083,0.0,0.0,0.7838345864661654,0.6957746478873239,0.7012012012012012
47.0,7.096070569018217e+30,-6.581192931006969e+31,0.04927010089159012,0.0,0.0,0.7844611528822055,0.6948356807511737,0.7012012012012012
47.5,1.5081023189721203e+31,-1.3973041225333412e+32,0.04932813346385956,0.0,0.0,0.7825814536340853,0.6929577464788732,0.7012012012012012
48.0,3.2054880878026145e+31,-2.9670768907711347e+32,0.0493861623108387,0.0,0.0,0.781328320802005,0.692018779342723,0.6966966966966966
48.5,6.814070729490974e+31,-6.3011062891248155e+32,0.04944375529885292,0.0,0.0,0.781328320802005,0.692018779342723,0.6966966966966966
49.0,1.448661225631882e+32,-1.3383013856952952e+33,0.049501173198223114,0.0,0.0,0.781328320802005,0.6948356807511737,0.6966966966966966
49.5,3.0801617462191985e+32,-2.842752274793258e+33,0.04955817386507988,0.0,0.0,0.781328320802005,0.692018779342723,0.6966966966966966
50.0,6.54976124655325e+32,-6.039082507727128e+33,0.04961482435464859,0.0,0.0,0.781328320802005,0.6901408450704225,0.6966966966966966
50.5,1.3929047544331045e+33,-1.2830648106273913e+34,0.049671072512865067,0.0,0.0,0.7807017543859649,0.6882629107981221,0.6951951951951952
51.0,2.9625124511037846e+33,-2.7262836572531873e+34,0.04972709342837334,0.0,0.0,0.7807017543859649,0.6882629107981221,0.6936936936936937
51.5,6.30145337656333e+33,-5.79344846442806e+34,0.04978261888027191,0.0,0.0,0.7807017543859649,0.6882629107981221,0.6936936936936937
52.0,1.3404848024395847e+34,-1.231249419031457e+35,0.049837738275527954,0.0,0.0,0.7775689223057645,0.6873239436619718,0.6936936936936937
52.5,2.8518234042251255e+34,-2.6169577061517853e+35,0.04989275708794594,0.0,0.0,0.7775689223057645,0.6873239436619718,0.6936936936936937
53.0,6.067669514290321e+34,-5.562732489919209e+35,0.04994714632630348,0.0,0.0,0.7769423558897243,0.6873239436619718,0.6936936936936937
53.5,1.2910966893962788e+35,-1.1825502839928953e+36,0.05000123381614685,0.0,0.0,0.7769423558897243,0.6863849765258216,0.6951951951951952
54.0,2.7474659007125947e+35,-2.5141441119386497e+36,0.05005502700805664,0.0,0.0,0.7744360902255639,0.6826291079812207,0.6951951951951952
54.5,5.8471120757438464e+35,-5.345629339837234e+36,0.050108347088098526,0.0,0.0,0.7744360902255639,0.6826291079812207,0.6951951951951952
55.0,1.2444724012846814e+36,-1.1366974761523724e+37,0.050161298364400864,0.0,0.0,0.7713032581453634,0.6826291079812207,0.6951951951951952
55.5,2.6488845957128085e+36,-2.4172831831053307e+37,0.05021393671631813,0.0,0.0,0.7706766917293233,0.6826291079812207,0.6951951951951952
56.0,5.638632831923387e+36,-5.140980333996629e+37,0.0502660796046257,0.0,0.0,0.7694235588972431,0.6835680751173709,0.6951951951951952
56.5,1.200374608163277e+37,-1.0934508660412503e+38,0.05031762272119522,0.0,0.0,0.768170426065163,0.6826291079812207,0.6951951951951952
57.0,2.5555902018432317e+37,-inf,0.0,0.0,0.0,0.7675438596491229,0.6816901408450704,0.6951951951951952
57.5,5.441218815118524e+37,-inf,0.0,0.0,0.0,0.7669172932330827,0.6835680751173709,0.6951951951951952
58.0,1.1585935035580666e+38,-inf,0.0,0.0,0.0,0.7662907268170426,0.6845070422535211,0.6951951951951952
58.5,2.4671478420580764e+38,-inf,0.0,0.0,0.0,0.7656641604010025,0.6845070422535211,0.6981981981981982
59.0,inf,-inf,,,,0.7662907268170426,0.6835680751173709,0.6981981981981982
59.5,inf,-inf,,,,0.7656641604010025,0.6835680751173709,0.6981981981981982
60.0,inf,-inf,,,,0.7650375939849624,0.6835680751173709,0.6981981981981982
60.5,inf,-inf,,,,0.7650375939849624,0.6826291079812207,0.7012012012012012
61.0,inf,-inf,,,,0.7650375939849624,0.6807511737089202,0.7012012012012012
61.5,inf,-inf,,,,0.7644110275689223,0.67981220657277,0.7012012012012012
62.0,inf,-inf,,,,0.7625313283208021,0.6779342723004694,0.6996996996996997
62.5,inf,-inf,,,,0.7600250626566416,0.676056338028169,0.6996996996996997
63.0,,-inf,,,,0.7587719298245614,0.676056338028169,0.6981981981981982
63.5,,-inf,,,,0.7556390977443609,0.676056338028169,0.6936936936936937
64.0,,-inf,,,,0.7543859649122807,0.6741784037558686,0.6921921921921922
