time,DE,WDE,RQ,CH,CL,train_acc,val_acc,test_acc
0.0,1526.444091796875,139.6308135986328,0.4185715913772583,0.0,0.0,0.4118144351685512,0.41885895404120443,0.4343306288032454
0.5,1550.0791015625,-244.4737091064453,0.4329240620136261,0.0,0.0,0.4374933953291768,0.4393026941362916,0.4566430020283976
1.0,1696.041015625,-606.9403686523438,0.40012529492378235,0.0,0.0,0.5095635633520026,0.5077654516640253,0.5220588235294118
1.5,1986.632080078125,-1155.9830322265625,0.34905168414115906,0.0,0.0,0.6193596111169819,0.619809825673534,0.6217038539553753
2.0,2488.04296875,-2127.783935546875,0.29562726616859436,0.0,0.0,0.7340166966078411,0.7217115689381933,0.7266734279918864
2.5,3330.330078125,-3950.193359375,0.24785566329956055,0.0,0.0,0.8086230582267779,0.7971473851030111,0.7943711967545639
3.0,4756.72998046875,-7475.30029296875,0.2085779905319214,0.0,0.0,0.8475113600338159,0.8350237717908082,0.8280933062880325
3.5,7223.81103515625,-14447.548828125,0.17773392796516418,0.0,0.0,0.8626228468773116,0.8526148969889065,0.8407707910750507
4.0,11602.123046875,-28495.744140625,0.15402042865753174,0.0,0.0,0.8674838846031914,0.8567353407290016,0.8463488843813387
4.5,19581.984375,-57267.796875,0.13586899638175964,0.0,0.0,0.8679065835358766,0.8568938193343899,0.8463488843813387
5.0,34504.8671875,-117072.828125,0.12188556790351868,0.0,0.0,0.8674838846031914,0.8562599049128368,0.8435598377281948
5.5,63088.74609375,-243069.140625,0.11097076535224915,0.0,0.0,0.8664271372714784,0.8561014263074485,0.8427991886409736
6.0,119052.546875,-511813.34375,0.10231085866689682,0.0,0.0,0.8636795942090246,0.8519809825673534,0.8397565922920892
6.5,230816.203125,-1091561.25,0.09531556814908981,0.0,0.0,0.8610377258797421,0.8496038034865293,0.8389959432048681
7.0,458030.59375,-2355288.5,0.08956343680620193,0.0,0.0,0.8586072070168023,0.8486529318541997,0.8400101419878296
7.5,927404.375,-5136333.5,0.08475426584482193,0.0,0.0,0.8586072070168023,0.8464342313787638,0.8405172413793104
8.0,1911044.375,-11310181.0,0.08066809922456741,0.0,0.0,0.8562823628870337,0.8451664025356577,0.8387423935091278
8.5,3999153.0,-25125928.0,0.07714875042438507,0.0,0.0,0.8543802176899503,0.8434231378763867,0.8384888438133874
9.0,8483584.0,-56269116.0,0.07407889515161514,0.0,0.0,0.8520553735601818,0.8423137876386688,0.8364604462474645
9.5,18215564.0,-126940568.0,0.0713731124997139,0.0,0.0,0.8497305294304132,0.840095087163233,0.8336713995943205
10.0,39535888.0,-288287296.0,0.06896592676639557,0.0,0.0,0.8487794568318715,0.8380348652931854,0.8331643002028397
10.5,86643704.0,-658691008.0,0.06680850684642792,0.0,0.0,0.8474056853006446,0.8367670364500792,0.8306288032454361
11.0,191537536.0,-1513312256.0,0.06485960632562637,0.0,0.0,0.8459262390362464,0.83486529318542,0.8293610547667343
11.5,426746240.0,-3494194176.0,0.06308980286121368,0.0,0.0,0.8439184191059917,0.8328050713153724,0.8278397565922921
12.0,957538368.0,-8104737792.0,0.06147480756044388,0.0,0.0,0.8436013949064779,0.8318541996830427,0.8258113590263692
12.5,2162334976.0,-18876672000.0,0.059996090829372406,0.0,0.0,0.8412765507767093,0.8302694136291601,0.8230223123732252
13.0,4911479296.0,-44131180544.0,0.05863729491829872,0.0,0.0,0.8385290077142555,0.8263074484944533,0.8225152129817445
13.5,11214881792.0,-103527358464.0,0.05738220736384392,0.0,0.0,0.8367325372503435,0.8242472266244057,0.8202332657200812
14.0,25731532800.0,-243626901504.0,0.056219931691884995,0.0,0.0,0.8353587657191166,0.8225039619651348,0.8189655172413793
14.5,59298340864.0,-574964498432.0,0.05514072626829147,0.0,0.0,0.8322941984571489,0.8199683042789223,0.8151622718052738
15.0,137202540544.0,-1360504029184.0,0.054137978702783585,0.0,0.0,0.8303920532600655,0.816798732171157,0.813894523326572
15.5,318624137216.0,-3227085438976.0,0.05320081487298012,0.0,0.0,0.8281728838634682,0.8133122028526149,0.8123732251521298
16.0,742440108032.0,-7671699210240.0,0.05232306197285652,0.0,0.0,0.8254253408010145,0.8107765451664025,0.8105983772819473
16.5,1735376502784.0,-18275561897984.0,0.05149881914258003,0.0,0.0,0.8232061714044172,0.8098256735340729,0.8085699797160243
17.0,4067904978944.0,-43619771744256.0,0.05072598531842232,0.0,0.0,0.8204586283419635,0.807606973058637,0.8050202839756593
17.5,9560899190784.0,-104297014493184.0,0.049995776265859604,0.0,0.0,0.8181337842121948,0.806973058637084,0.802738336713996
18.0,22526480613376.0,-249795465707520.0,0.04930539429187775,0.0,0.0,0.8158089400824263,0.8045958795562599,0.8012170385395537
18.5,53195992727552.0,-599204443455488.0,0.04865097254514694,0.0,0.0,0.8133784212194864,0.801743264659271,0.7994421906693712
19.0,125888846888960.0,-1439466879188992.0,0.04803107678890228,0.0,0.0,0.8109479023565466,0.7988906497622821,0.7971602434077079
19.5,298508649234432.0,-3462796175998976.0,0.04744083806872368,0.0,0.0,0.8094684560921483,0.7971473851030111,0.7948782961460447
20.0,709140976500736.0,-8340970907107328.0,0.04687768220901489,0.0,0.0,0.8072492866955511,0.7958795562599049,0.7931034482758621
20.5,1687578415726592.0,-2.011592171244749e+16,0.04633944854140282,0.0,0.0,0.8051357920321252,0.793026941362916,0.7920892494929006
21.0,4022588791586816.0,-4.85700628685783e+16,0.04582607001066208,0.0,0.0,0.8034449963013843,0.7911251980982568,0.7905679513184585
21.5,9603206497697792.0,-1.174023898702807e+17,0.04533296078443527,0.0,0.0,0.8008031279721018,0.7892234548335975,0.789553752535497
22.0,2.2959280256712704e+16,-2.840803038724096e+17,0.044858697801828384,0.0,0.0,0.7987953080418472,0.7862123613312203,0.7862576064908722
22.5,5.496638156885197e+16,-6.88080836293034e+17,0.04440401867032051,0.0,0.0,0.7974215365106203,0.7828843106180665,0.7832150101419878
23.0,1.3176548206261043e+17,-1.6682138137169756e+18,0.043966058641672134,0.0,0.0,0.7954137165803656,0.7809825673534073,0.7822008113590264
23.5,3.162589204085473e+17,-4.0481744894421893e+18,0.0435432530939579,0.0,0.0,0.7924548240515693,0.7784469096671949,0.7806795131845842
24.0,7.599659444443546e+17,-9.832063873014825e+18,0.04313429445028305,0.0,0.0,0.7893902567896016,0.773851030110935,0.7776369168356998
24.5,1.8282316507822162e+18,-2.389965984147859e+19,0.042741116136312485,0.0,0.0,0.7862200147944627,0.7719492868462757,0.7751014198782962
25.0,4.4028252635162214e+18,-5.814138322842288e+19,0.042359206825494766,0.0,0.0,0.7836838211983514,0.7694136291600634,0.7728194726166329
25.5,1.0613872715456578e+19,-1.4155046725290557e+20,0.04198944568634033,0.0,0.0,0.7799852055373561,0.7657686212361331,0.768762677484787
26.0,2.5611740183414178e+19,-3.448707061058948e+20,0.04163047671318054,0.0,0.0,0.7769206382753884,0.7643423137876386,0.7680020283975659
26.5,6.185986998091016e+19,-8.408290169357452e+20,0.041283342987298965,0.0,0.0,0.7752298425446476,0.7619651347068146,0.7649594320486816
27.0,1.4954325707986043e+20,-2.0514160889150717e+21,0.040945544838905334,0.0,0.0,0.7725879742153651,0.7589540412044374,0.7619168356997972
27.5,3.618234513719684e+20,-5.008218958418105e+21,0.040616847574710846,0.0,0.0,0.7682553101553419,0.7561014263074485,0.7593813387423936
28.0,8.761611633873503e+20,-1.2234483251314317e+22,0.0402984693646431,0.0,0.0,0.7648737186938603,0.752931854199683,0.7568458417849898
28.5,2.1233167606534835e+21,-2.9905491296408555e+22,0.03998817875981331,0.0,0.0,0.7629715734967769,0.751188589540412,0.7538032454361054
29.0,5.149632549667492e+21,-7.3142466152165215e+22,0.039684999734163284,0.0,0.0,0.7596956567684666,0.7500792393026942,0.7510141987829615
29.5,1.249844710677385e+22,-1.7899160402216828e+23,0.03939041867852211,0.0,0.0,0.7575821621050407,0.7481774960380349,0.7487322515212982
30.0,3.035587377714374e+22,-4.382598353734186e+23,0.039103999733924866,0.0,0.0,0.7557856916411286,0.7467511885895404,0.7469574036511156
30.5,7.3777748419201724e+22,-1.0736392000178943e+24,0.03882381319999695,0.0,0.0,0.7540948959103878,0.7438985736925515,0.7451825557809331
31.0,1.7942951603553528e+23,-2.631510476002247e+24,0.03854978084564209,0.0,0.0,0.7521927507133045,0.7415213946117274,0.7436612576064908
31.5,4.3665489658141186e+23,-6.45304116478658e+24,0.038284480571746826,0.0,0.0,0.7498679065835359,0.7393026941362916,0.7429006085192698
32.0,1.0632851002153963e+24,-1.5831771680230138e+25,0.038023967295885086,0.0,0.0,0.7473317129874247,0.7377179080824089,0.7421399594320487
32.5,2.590712907409853e+24,-3.885917319591359e+25,0.03776908293366432,0.0,0.0,0.7445841699249709,0.7356576862123614,0.7413793103448276
33.0,6.315949574516789e+24,-9.542236920889697e+25,0.037521205842494965,0.0,0.0,0.742153651062031,0.7332805071315373,0.7396044624746451
33.5,1.5406362091774285e+25,-2.344193052273173e+26,0.03727906197309494,0.0,0.0,0.7400401563986051,0.7302694136291601,0.7365618661257607
34.0,3.7600717868461054e+25,-5.761258332180212e+26,0.037041012197732925,0.0,0.0,0.7372926133361514,0.7291600633914421,0.7358012170385395
34.5,9.181627055015971e+25,-1.4164996519784533e+27,0.036808498203754425,0.0,0.0,0.7350734439395541,0.7267828843106181,0.7337728194726166
35.0,2.2431779438557767e+26,-3.484059279590222e+27,0.03658270835876465,0.0,0.0,0.7327485998097855,0.7236133122028526,0.7307302231237323
35.5,5.4830489652791024e+26,-8.572736188761203e+27,0.03636061027646065,0.0,0.0,0.7308464546127021,0.7213946117274168,0.7297160243407708
36.0,1.3408755275478262e+27,-2.1101505033468173e+28,0.03614251688122749,0.0,0.0,0.7284159357497623,0.7177496038034865,0.7287018255578094
36.5,3.280628585945353e+27,-5.195923977061868e+28,0.03593088686466217,0.0,0.0,0.7264081158195076,0.715689381933439,0.7271805273833671
37.0,8.030122703075843e+27,-1.279861903263759e+29,0.03572273254394531,0.0,0.0,0.7241889464229103,0.71283676703645,0.7243914807302231
37.5,1.9664295295705142e+28,-3.1536258048272022e+29,0.03551840782165527,0.0,0.0,0.7214414033604565,0.7098256735340729,0.720841784989858
38.0,4.817488166460792e+28,-7.773201858726839e+29,0.0353187695145607,0.0,0.0,0.7181654866321463,0.7057052297939778,0.7190669371196755
38.5,1.1807117577207355e+29,-1.9165867175088897e+30,0.035124022513628006,0.0,0.0,0.7144668709711508,0.7012678288431062,0.7139959432048681
39.0,2.8949664920930272e+29,-4.727070111002311e+30,0.03493157774209976,0.0,0.0,0.7105569058438127,0.696513470681458,0.7122210953346856
39.5,7.100926521804154e+29,-1.166237802675963e+31,0.03474388271570206,0.0,0.0,0.7083377364472154,0.6939778129952456,0.7081643002028397
40.0,1.7424238771162003e+30,-2.878128867953103e+31,0.0345604382455349,0.0,0.0,0.7041107471203635,0.6896988906497623,0.7043610547667343
40.5,4.277164135992358e+30,-7.104902497485993e+31,0.03438013792037964,0.0,0.0,0.701785902990595,0.6865293185419968,0.7015720081135902
41.0,1.0503093119150016e+31,-1.7543956639904547e+32,0.03420310840010643,0.0,0.0,0.698615660995456,0.6835182250396197,0.6977687626774848
41.5,2.5800841649479353e+31,-4.333268291839005e+32,0.03403009846806526,0.0,0.0,0.6955510937334883,0.6806656101426307,0.6952332657200812
42.0,6.340187766022858e+31,-1.0705799852667964e+33,0.033860303461551666,0.0,0.0,0.6933319243368911,0.6771790808240887,0.6904158215010142
42.5,1.5585419440876392e+32,-2.6456688162039174e+33,0.033693525940179825,0.0,0.0,0.691218429673465,0.6751188589540412,0.6871196754563894
43.0,3.83247589690912e+32,-6.539761785885923e+33,0.03353037312626839,0.0,0.0,0.6864630666807566,0.6714738510301109,0.6817951318458418
43.5,9.427175687703994e+32,-1.6169472665369766e+34,0.033370159566402435,0.0,0.0,0.6846665962168446,0.6692551505546751,0.6802738336713996
44.0,2.319646320140264e+33,-3.998846403557301e+34,0.03321264684200287,0.0,0.0,0.6818133784212195,0.6659270998415214,0.6769776876267748
44.5,5.709484686087513e+33,-9.891818314679685e+34,0.03305816277861595,0.0,0.0,0.6795942090246222,0.6635499207606973,0.675709939148073
45.0,1.4057364981163132e+34,-2.4474718305492396e+35,0.032907214015722275,0.0,0.0,0.6780090880270527,0.6613312202852615,0.6736815415821501
45.5,3.4621028372040245e+34,-6.0569950049195715e+35,0.03275838494300842,0.0,0.0,0.6732537250343443,0.6587955625990491,0.6703853955375254
46.0,8.529080054505899e+34,-1.4993135889636133e+36,0.03261181712150574,0.0,0.0,0.6727253513684878,0.6570522979397782,0.6693711967545639
46.5,2.1017833137965952e+35,-3.712114493973534e+36,0.03246961161494255,0.0,0.0,0.6711402303709183,0.6551505546751188,0.6673427991886409
47.0,5.180772726156315e+35,-9.192674465174961e+36,0.03232838585972786,0.0,0.0,0.6686040367748072,0.6519809825673534,0.6650608519269777
47.5,1.2773778378809182e+36,-2.2769420922143035e+37,0.032189708203077316,0.0,0.0,0.6662791926450385,0.6500792393026942,0.6627789046653144
48.0,3.1503589334341946e+36,-5.640919420076078e+37,0.03205487132072449,0.0,0.0,0.66395434851527,0.6481774960380349,0.6604969574036511
48.5,7.771666664457621e+36,-1.397763474780231e+38,0.03192152455449104,0.0,0.0,0.662157878051358,0.6469096671949287,0.6594827586206896
49.0,1.917694222121664e+37,-inf,0.0,0.0,0.0,0.6585649371235338,0.6445324881141046,0.6592292089249493
49.5,4.733184234746568e+37,-inf,0.0,0.0,0.0,0.6557117193279087,0.6429477020602219,0.6561866125760649
50.0,1.1685143399795488e+38,-inf,0.0,0.0,0.0,0.6541265983303393,0.6405705229793978,0.6546653144016227
50.5,2.8854869406442107e+38,-inf,0.0,,,0.651590404734228,0.6383518225039619,0.6531440162271805
51.0,inf,-inf,,,,0.6486315122054317,0.6364500792393027,0.6511156186612576
51.5,inf,-inf,,,,0.6470463912078622,0.6337559429477021,0.6495943204868154
52.0,inf,-inf,,,,0.6441931734122371,0.6299524564183835,0.646551724137931
52.5,inf,-inf,,,,0.6426080524146677,0.6283676703645008,0.6460446247464503
53.0,inf,-inf,,,,0.6408115819507556,0.6270998415213946,0.6450304259634888
53.5,inf,-inf,,,,0.6393321356863574,0.6259904912836767,0.6435091277890467
54.0,,-inf,,,,0.6383810630878157,0.6248811410459588,0.6430020283975659
54.5,,-inf,,,,0.6364789178907323,0.6236133122028527,0.6414807302231237
55.0,,-inf,,,,0.6356335200253619,0.6228209191759112,0.6397058823529411
55.5,,-inf,,,,0.6348937968931628,0.6220285261489699,0.6391987829614605
56.0,,,,,,0.632463278030223,0.620919175911252,0.638184584178499
56.5,,,,,,0.6316178801648525,0.619809825673534,0.6369168356997972
57.0,,,,,,0.6302441086336257,0.6201267828843107,0.6356490872210954
57.5,,,,,,0.6278135897706858,0.6182250396196514,0.6343813387423936
58.0,,,,,,0.6260171193067737,0.6166402535657686,0.6315922920892495
58.5,,,,,,0.6254887456409173,0.6158478605388272,0.6308316430020284
59.0,,,,,,0.6237979499101765,0.6141045958795562,0.6295638945233266
59.5,,,,,,0.6220014794462644,0.6117274167987322,0.6282961460446247
60.0,,,,,,0.6194652858501533,0.6095087163232964,0.6260141987829615
60.5,,,,,,0.6185142132516115,0.6087163232963549,0.6257606490872211
61.0,,,,,,0.6176688153862412,0.6077654516640254,0.6257606490872211
61.5,,,,,,0.616929092254042,0.6076069730586371,0.6237322515212982
62.0,,,,,,0.616189369121843,0.6066561014263074,0.6234787018255578
62.5,,,,,,0.6147099228574447,0.6047543581616481,0.6219574036511156
63.0,,,,,,0.6141815491915883,0.6042789223454833,0.6211967545638946
63.5,,,,,,0.6129134523935327,0.6031695721077655,0.6199290060851927
64.0,,,,,,0.6123850787276762,0.6026941362916006,0.619421906693712
