time,DE,WDE,RQ,CH,CL,train_acc,val_acc,test_acc
0.0,5193.6015625,423.197998046875,0.6839731931686401,0.0,0.0,0.24175824175824176,0.22496570644718794,0.23464912280701755
0.5,5678.986328125,-246.99468994140625,0.797258734703064,0.0,0.0,0.24816849816849818,0.23045267489711935,0.23464912280701755
1.0,6678.65869140625,-798.329345703125,0.8468356132507324,0.0,0.0,0.27106227106227104,0.24005486968449932,0.24342105263157895
1.5,8371.2314453125,-1515.41748046875,0.8536280989646912,0.0,0.0,0.29212454212454214,0.2606310013717421,0.25219298245614036
2.0,11111.2880859375,-2654.21630859375,0.8332757353782654,0.0,0.0,0.3342490842490842,0.2839506172839506,0.28289473684210525
2.5,15525.275390625,-4608.677734375,0.7968252897262573,0.0,0.0,0.38278388278388276,0.30864197530864196,0.32456140350877194
3.0,22702.0546875,-8088.17919921875,0.7520551681518555,0.0,0.0,0.4258241758241758,0.33607681755829905,0.34649122807017546
3.5,34547.125,-14427.0830078125,0.7042701840400696,0.0,0.0,0.4542124542124542,0.35939643347050754,0.36622807017543857
4.0,54440.23828125,-26183.421875,0.6568986773490906,0.0,0.0,0.47802197802197804,0.37997256515775035,0.38377192982456143
4.5,88470.3125,-48325.1484375,0.6120119690895081,0.0,0.0,0.4981684981684982,0.3895747599451303,0.3991228070175439
5.0,147787.703125,-90607.546875,0.5707707405090332,0.0,0.0,0.5128205128205128,0.4156378600823045,0.4166666666666667
5.5,253151.5,-172379.8125,0.5337480902671814,0.0,0.0,0.5201465201465202,0.42661179698216734,0.43201754385964913
6.0,443849.6875,-332379.375,0.5011575222015381,0.0,0.0,0.5119047619047619,0.4252400548696845,0.43859649122807015
6.5,795446.375,-648836.375,0.47299256920814514,0.0,0.0,0.510989010989011,0.4224965706447188,0.43640350877192985
7.0,1455570.375,-1281023.0,0.4491100609302521,0.0,0.0,0.5018315018315018,0.4101508916323731,0.4276315789473684
7.5,2717011.5,-2555674.25,0.42928600311279297,0.0,0.0,0.48534798534798534,0.4046639231824417,0.41228070175438597
8.0,5168801.0,-5147809.0,0.41324925422668457,0.0,0.0,0.47710622710622713,0.401920438957476,0.4100877192982456
8.5,10011916.0,-10461192.0,0.4006994962692261,0.0,0.0,0.46886446886446886,0.39094650205761317,0.40350877192982454
9.0,19725702.0,-21433030.0,0.39133450388908386,0.0,0.0,0.445970695970696,0.37997256515775035,0.39473684210526316
9.5,39487552.0,-44244168.0,0.38484880328178406,0.0,0.0,0.423992673992674,0.3662551440329218,0.38596491228070173
10.0,80222536.0,-91970336.0,0.3809496760368347,0.0,0.0,0.4166666666666667,0.36488340192043894,0.3815789473684211
10.5,165203840.0,-192410064.0,0.37936145067214966,0.0,0.0,0.39285714285714285,0.345679012345679,0.3618421052631579
11.0,344434944.0,-404933696.0,0.37982919812202454,0.0,0.0,0.3791208791208791,0.33607681755829905,0.35964912280701755
11.5,726180352.0,-856881408.0,0.3821191191673279,0.0,0.0,0.37545787545787546,0.3333333333333333,0.35964912280701755
12.0,1546470400.0,-1822462976.0,0.3860229253768921,0.0,0.0,0.35622710622710624,0.31412894375857336,0.34868421052631576
12.5,3323073792.0,-3894332160.0,0.3913567364215851,0.0,0.0,0.33882783882783885,0.30864197530864196,0.32894736842105265
13.0,7198119424.0,-8357812224.0,0.39796021580696106,0.0,0.0,0.33974358974358976,0.30864197530864196,0.3267543859649123
13.5,15703587840.0,-18009407488.0,0.4056946039199829,0.0,0.0,0.3315018315018315,0.30727023319615915,0.32894736842105265
14.0,34477912064.0,-38951796736.0,0.41444283723831177,0.0,0.0,0.3315018315018315,0.30864197530864196,0.33114035087719296
14.5,76128395264.0,-84539998208.0,0.42410823702812195,0.0,0.0,0.32967032967032966,0.3058984910836763,0.33114035087719296
15.0,168948727808.0,-184077058048.0,0.43460550904273987,0.0,0.0,0.32875457875457875,0.3004115226337449,0.3333333333333333
15.5,376650596352.0,-402018205696.0,0.445872962474823,0.0,0.0,0.32783882783882784,0.2908093278463649,0.32894736842105265
16.0,843143577600.0,-880471965696.0,0.4578550159931183,0.0,0.0,0.3269230769230769,0.2908093278463649,0.3267543859649123
16.5,1894411403264.0,-1933449101312.0,0.4705100655555725,0.0,0.0,0.32783882783882784,0.289437585733882,0.3267543859649123
17.0,4270817542144.0,-4256267239424.0,0.4838060438632965,0.0,0.0,0.326007326007326,0.289437585733882,0.3201754385964912
17.5,9657975308288.0,-9391669510144.0,0.4977215826511383,0.0,0.0,0.32234432234432236,0.289437585733882,0.31798245614035087
18.0,21902378663936.0,-20769211940864.0,0.5122343301773071,0.0,0.0,0.32142857142857145,0.2908093278463649,0.31798245614035087
18.5,49800435204096.0,-46026933141504.0,0.5273359417915344,0.0,0.0,0.315018315018315,0.289437585733882,0.3223684210526316
19.0,113509081808896.0,-102205961011200.0,0.5430157780647278,0.0,0.0,0.3131868131868132,0.2880658436213992,0.3201754385964912
19.5,259306452680704.0,-227391741886464.0,0.5592696666717529,0.0,0.0,0.31043956043956045,0.2825788751714678,0.3157894736842105
20.0,593635280158720.0,-506844057436160.0,0.5760917663574219,0.0,0.0,0.31043956043956045,0.2812071330589849,0.3157894736842105
20.5,1361744479911936.0,-1131739317534720.0,0.5934816598892212,0.0,0.0,0.30952380952380953,0.27983539094650206,0.3157894736842105
21.0,3129631804751872.0,-2531427149152256.0,0.6114385724067688,0.0,0.0,0.3086080586080586,0.2812071330589849,0.31359649122807015
21.5,7205596302409728.0,-5671654638223360.0,0.6299598813056946,0.0,0.0,0.3086080586080586,0.2812071330589849,0.31359649122807015
22.0,1.6618332274819072e+16,-1.2728014248869888e+16,0.6490408182144165,0.0,0.0,0.3058608058608059,0.2757201646090535,0.3048245614035088
22.5,3.83893797643223e+16,-2.8608942514896896e+16,0.6686772704124451,0.0,0.0,0.304029304029304,0.2757201646090535,0.30701754385964913
23.0,8.881973470271898e+16,-6.440499310860698e+16,0.6888680458068848,0.0,0.0,0.30128205128205127,0.2757201646090535,0.3092105263157895
23.5,2.0580390642751898e+17,-1.452118822050857e+17,0.7095980048179626,0.0,0.0,0.2967032967032967,0.27709190672153633,0.3048245614035088
24.0,4.775476211168051e+17,-3.278986597378294e+17,0.7308557629585266,0.0,0.0,0.2948717948717949,0.2784636488340192,0.3026315789473684
24.5,1.1096184760974705e+18,-7.415216368884122e+17,0.752638578414917,0.0,0.0,0.29212454212454214,0.2812071330589849,0.2982456140350877
25.0,2.58167199371572e+18,-1.6793739941778555e+18,0.7749196887016296,0.0,0.0,0.2857142857142857,0.27434842249657065,0.29385964912280704
25.5,6.014186217178923e+18,-3.808943024348594e+18,0.7976838946342468,0.0,0.0,0.2838827838827839,0.2729766803840878,0.2916666666666667
26.0,1.402748908281738e+19,-8.651469859760112e+18,0.8209030032157898,0.0,0.0,0.28205128205128205,0.27023319615912206,0.2916666666666667
26.5,3.2755955523353838e+19,-1.967882161942325e+19,0.8445510268211365,0.0,0.0,0.28113553113553114,0.27023319615912206,0.2916666666666667
27.0,7.657528500632001e+19,-4.482580483484628e+19,0.8686118125915527,0.0,0.0,0.31684981684981683,0.299039780521262,0.31798245614035087
27.5,1.7920758821604767e+20,-1.0225234717554036e+20,0.8930308818817139,0.0,0.0,0.3159340659340659,0.29766803840877915,0.31359649122807015
28.0,4.198323830316629e+20,-2.335775410080826e+20,0.9177848100662231,0.0,0.0,0.2948717948717949,0.27434842249657065,0.3048245614035088
28.5,9.845321256456967e+20,-5.343157855155137e+20,0.9428305625915527,0.0,0.0,0.28846153846153844,0.26886145404663925,0.3026315789473684
29.0,2.3110084972487996e+21,-1.2239688849533604e+21,0.9681263566017151,0.0,0.0,0.2875457875457875,0.26337448559670784,0.30043859649122806
29.5,5.42968776659562e+21,-2.8076594124432186e+21,0.9936315417289734,0.0,0.0,0.2847985347985348,0.2578875171467764,0.2916666666666667
30.0,1.2768328692143747e+22,-6.449350572978341e+21,1.0192914009094238,0.0,0.0,0.2847985347985348,0.2578875171467764,0.2916666666666667
30.5,3.0051344873940576e+22,-1.4834761471066332e+22,1.0450611114501953,0.0,0.0,0.2847985347985348,0.2578875171467764,0.29385964912280704
31.0,7.078637648190895e+22,-3.4169067078038713e+22,1.0708876848220825,0.0,0.0,0.2847985347985348,0.2578875171467764,0.29385964912280704
31.5,1.6686946306355872e+23,-7.880759816663009e+22,1.096724271774292,0.0,0.0,0.28296703296703296,0.2551440329218107,0.29385964912280704
32.0,3.9366951531883825e+23,-1.820032871937805e+23,1.122519850730896,0.0,0.0,0.28113553113553114,0.25377229080932784,0.29385964912280704
32.5,9.293957494246509e+23,-4.208815613041035e+23,1.1482120752334595,0.0,0.0,0.260989010989011,0.24279835390946503,0.26973684210526316
33.0,2.195687700516785e+24,-9.745466775608463e+23,1.1737624406814575,0.0,0.0,0.25824175824175827,0.24279835390946503,0.2675438596491228
33.5,5.190732197204892e+24,-2.2594324422761215e+24,1.1991115808486938,0.0,0.0,0.25457875457875456,0.23868312757201646,0.2675438596491228
34.0,1.2278989876473422e+25,-5.244950060341286e+24,1.22421133518219,0.0,0.0,0.2554945054945055,0.23868312757201646,0.2675438596491228
34.5,2.9064353309457424e+25,-1.2190438587390589e+25,1.2490087747573853,0.0,0.0,0.2554945054945055,0.23868312757201646,0.26535087719298245
35.0,6.883529833638828e+25,-2.836763823253749e+25,1.2734705209732056,0.0,0.0,0.2554945054945055,0.2345679012345679,0.2631578947368421
35.5,1.6311845197152517e+26,-6.6091013114030655e+25,1.2975398302078247,0.0,0.0,0.2554945054945055,0.23319615912208505,0.2631578947368421
36.0,3.867458400666561e+26,-1.541579091442326e+26,1.3211828470230103,0.0,0.0,0.25274725274725274,0.2345679012345679,0.2631578947368421
36.5,9.174206298809999e+26,-3.599828979361487e+26,1.3443653583526611,0.0,0.0,0.2518315018315018,0.2345679012345679,0.2631578947368421
37.0,2.1773167218326723e+27,-8.415469578965437e+26,1.3670454025268555,0.0,0.0,0.25,0.23182441700960219,0.25877192982456143
37.5,5.169821332446131e+27,-1.969440067718134e+27,1.3891879320144653,0.0,0.0,0.24633699633699635,0.23182441700960219,0.25877192982456143
38.0,1.2280635639639446e+28,-4.6138364660645247e+27,1.410773754119873,0.0,0.0,0.24633699633699635,0.23182441700960219,0.25877192982456143
38.5,2.9184267365432753e+28,-1.0819907336200104e+28,1.4317797422409058,0.0,0.0,0.23901098901098902,0.22633744855967078,0.25
39.0,6.9382632860390935e+28,-2.5398801864481756e+28,1.4521782398223877,0.0,0.0,0.23717948717948717,0.2194787379972565,0.24342105263157895
39.5,1.6501317977426573e+29,-5.967846252481575e+28,1.4719551801681519,0.0,0.0,0.23443223443223443,0.2167352537722908,0.24561403508771928
40.0,3.925948820266645e+29,-1.4035347312683466e+29,1.4910959005355835,0.0,0.0,0.23534798534798534,0.2222222222222222,0.24780701754385964
40.5,9.343747614133694e+29,-3.3038159484483884e+29,1.509596586227417,0.0,0.0,0.2326007326007326,0.22085048010973937,0.24561403508771928
41.0,2.2245439473256968e+30,-7.783623554870554e+29,1.5274485349655151,0.0,0.0,0.2316849816849817,0.22085048010973937,0.24342105263157895
41.5,5.297821217635307e+30,-1.8353009632496413e+30,1.544637680053711,0.0,0.0,0.2316849816849817,0.22085048010973937,0.24342105263157895
42.0,1.2620703195374702e+31,-4.330904213220232e+30,1.5611774921417236,0.0,0.0,0.23351648351648352,0.2194787379972565,0.2412280701754386
42.5,3.0074147800949866e+31,-1.0227794113655733e+31,1.577057957649231,0.0,0.0,0.23351648351648352,0.21810699588477367,0.24342105263157895
43.0,7.16837593871904e+31,-2.417152880105521e+31,1.5922924280166626,0.0,0.0,0.2326007326007326,0.2167352537722908,0.24342105263157895
43.5,1.709070810589594e+32,-5.716519860645146e+31,1.6068884134292603,0.0,0.0,0.2326007326007326,0.21536351165980797,0.24342105263157895
44.0,4.075733435766271e+32,-1.3528566591353242e+32,1.6208475828170776,0.0,0.0,0.2261904761904762,0.2112482853223594,0.2412280701754386
44.5,9.721933079620466e+32,-3.2036973301645357e+32,1.6341897249221802,0.0,0.0,0.22344322344322345,0.20987654320987653,0.2412280701754386
45.0,2.3195070518858443e+33,-7.591342331657282e+32,1.646926999092102,0.0,0.0,0.21794871794871795,0.205761316872428,0.2324561403508772
45.5,5.535161064605444e+33,-1.7998684125403836e+33,1.6590656042099,0.0,0.0,0.2216117216117216,0.20438957475994513,0.23026315789473684
46.0,1.3211491693779785e+34,-4.2697882740495e+33,1.6706181764602661,0.0,0.0,0.21703296703296704,0.19753086419753085,0.21710526315789475
46.5,3.153959506797257e+34,-1.0134534780894166e+34,1.6816140413284302,0.0,0.0,0.21520146520146521,0.19615912208504802,0.20833333333333334
47.0,7.530761631336785e+34,-2.406701018119399e+34,1.6920700073242188,0.0,0.0,0.21062271062271062,0.19753086419753085,0.20833333333333334
47.5,1.798442249907825e+35,-5.718084655540429e+34,1.701988697052002,0.0,0.0,0.2087912087912088,0.19615912208504802,0.19956140350877194
48.0,4.295611529957387e+35,-1.3591860655074596e+35,1.7114077806472778,0.0,0.0,0.21062271062271062,0.19615912208504802,0.19517543859649122
48.5,1.0261742528275037e+36,-3.2321913256503028e+35,1.7203267812728882,0.0,0.0,0.20695970695970695,0.18930041152263374,0.19078947368421054
49.0,2.4517788715339213e+36,-7.689454452430419e+35,1.7287787199020386,0.0,0.0,0.20146520146520147,0.18518518518518517,0.19078947368421054
49.5,5.858717258532611e+36,-1.830059000826686e+36,1.7367732524871826,0.0,0.0,0.19963369963369965,0.17832647462277093,0.18421052631578946
50.0,1.400172948982109e+37,-4.357094485544357e+36,1.7443360090255737,0.0,0.0,0.1987179487179487,0.17695473251028807,0.18640350877192982
50.5,3.346693672518023e+37,-1.0377261625997935e+37,1.7514803409576416,0.0,0.0,0.1978021978021978,0.17695473251028807,0.18201754385964913
51.0,8.000234208883572e+37,-2.4723752781912495e+37,1.7582321166992188,0.0,0.0,0.1978021978021978,0.17421124828532236,0.17763157894736842
51.5,1.9126661113688708e+38,-5.892289463498935e+37,1.7645961046218872,0.0,0.0,0.19688644688644688,0.16872427983539096,0.17763157894736842
52.0,inf,-1.4047032026381685e+38,inf,0.0,0.0,0.19963369963369965,0.17146776406035666,0.17982456140350878
52.5,inf,-inf,,0.0,0.0,0.1978021978021978,0.17421124828532236,0.17543859649122806
53.0,inf,-inf,,0.0,0.0,0.19413919413919414,0.1728395061728395,0.17324561403508773
53.5,inf,-inf,,0.0,0.0,0.18956043956043955,0.1673525377229081,0.16666666666666666
54.0,inf,-inf,,,,0.18681318681318682,0.16323731138545952,0.16447368421052633
54.5,inf,-inf,,,,0.18772893772893773,0.16186556927297668,0.16447368421052633
55.0,inf,-inf,,,,0.1858974358974359,0.16186556927297668,0.16447368421052633
55.5,inf,-inf,,,,0.18223443223443223,0.16049382716049382,0.1600877192982456
56.0,inf,-inf,,,,0.17857142857142858,0.16049382716049382,0.15570175438596492
56.5,inf,-inf,,,,0.17765567765567766,0.16323731138545952,0.1513157894736842
57.0,inf,,,,,0.17582417582417584,0.1646090534979424,0.14912280701754385
57.5,inf,,,,,0.17582417582417584,0.16186556927297668,0.14692982456140352
58.0,inf,,,,,0.16941391941391942,0.15775034293552812,0.13596491228070176
58.5,inf,,,,,0.14835164835164835,0.13717421124828533,0.12719298245614036
59.0,inf,,,,,0.14652014652014653,0.13717421124828533,0.125
59.5,,,,,,0.14377289377289376,0.13580246913580246,0.12719298245614036
60.0,,,,,,0.14377289377289376,0.13305898491083676,0.125
60.5,,,,,,0.14652014652014653,0.13305898491083676,0.125
61.0,,,,,,0.14377289377289376,0.1262002743484225,0.1206140350877193
61.5,,,,,,0.14194139194139194,0.12345679012345678,0.1206140350877193
62.0,,,,,,0.14102564102564102,0.12345679012345678,0.1206140350877193
62.5,,,,,,0.14102564102564102,0.12345679012345678,0.11842105263157894
63.0,,,,,,0.14102564102564102,0.12345679012345678,0.11842105263157894
63.5,,,,,,0.14194139194139194,0.12482853223593965,0.11842105263157894
64.0,,,,,,0.14285714285714285,0.12757201646090535,0.1162280701754386
