time,DE,WDE,RQ,CH,CL,train_acc,val_acc,test_acc
0.0,5495.41796875,884.4954833984375,0.500974714756012,0.0,0.0,0.5517241379310345,0.3728813559322034,0.4864864864864865
0.5,5722.208984375,-480.0463562011719,0.5729219913482666,0.0,0.0,0.5632183908045977,0.288135593220339,0.40540540540540543
1.0,6432.68994140625,-1582.9267578125,0.5605016350746155,0.0,0.0,0.42528735632183906,0.1864406779661017,0.2702702702702703
1.5,7739.400390625,-3162.451171875,0.5046830773353577,0.0,0.0,0.26436781609195403,0.0847457627118644,0.10810810810810811
2.0,9922.8896484375,-5917.9599609375,0.4345785081386566,0.0,0.0,0.14942528735632185,0.03389830508474576,0.05405405405405406
2.5,13502.6044921875,-11044.736328125,0.3666420578956604,0.0,0.0,0.09195402298850575,0.01694915254237288,0.02702702702702703
3.0,19401.16796875,-20857.412109375,0.3078418970108032,0.0,0.0,0.08045977011494253,0.01694915254237288,0.02702702702702703
3.5,29256.91796875,-39969.31640625,0.2595975995063782,0.0,0.0,0.08045977011494253,0.01694915254237288,0.02702702702702703
4.0,46007.515625,-77690.2578125,0.22087225317955017,0.0,0.0,0.06896551724137931,0.01694915254237288,0.02702702702702703
4.5,74984.7421875,-152972.5625,0.18991203606128693,0.0,0.0,0.05747126436781609,0.01694915254237288,0.02702702702702703
5.0,125986.59375,-304685.75,0.1650310903787613,0.0,0.0,0.034482758620689655,0.01694915254237288,0.02702702702702703
5.5,217236.25,-613079.6875,0.14484605193138123,0.0,0.0,0.022988505747126436,0.01694915254237288,0.02702702702702703
6.0,383014.71875,-1244843.5,0.12829037010669708,0.0,0.0,0.022988505747126436,0.01694915254237288,0.02702702702702703
6.5,688504.3125,-2548131.25,0.11456622928380966,0.0,0.0,0.022988505747126436,0.01694915254237288,0.02702702702702703
7.0,1258887.375,-5253804.5,0.10307349264621735,0.0,0.0,0.022988505747126436,0.01694915254237288,0.02702702702702703
7.5,2336826.5,-10903264.0,0.09336113929748535,0.0,0.0,0.022988505747126436,0.01694915254237288,0.02702702702702703
8.0,4396811.5,-22761236.0,0.0850849375128746,0.0,0.0,0.011494252873563218,0.01694915254237288,0.02702702702702703
8.5,8374136.5,-47769632.0,0.07797887921333313,0.0,0.0,0.011494252873563218,0.01694915254237288,0.02702702702702703
9.0,16126263.0,-100742552.0,0.07183469831943512,0.0,0.0,0.011494252873563218,0.01694915254237288,0.02702702702702703
9.5,31367800.0,-213398496.0,0.0664883553981781,0.0,0.0,0.011494252873563218,0.0,0.02702702702702703
10.0,61575484.0,-453857856.0,0.06180810555815697,0.0,0.0,0.011494252873563218,0.0,0.02702702702702703
10.5,121889256.0,-968833408.0,0.057688139379024506,0.0,0.0,0.011494252873563218,0.0,0.02702702702702703
11.0,243138720.0,-2075129344.0,0.05404213070869446,0.0,0.0,0.011494252873563218,0.0,0.02702702702702703
11.5,488431168.0,-4458490880.0,0.0508001483976841,0.0,0.0,0.0,0.0,0.02702702702702703
12.0,987577472.0,-9606583296.0,0.04790455847978592,0.0,0.0,0.0,0.0,0.02702702702702703
12.5,2008818688.0,-20753471488.0,0.04530751705169678,0.0,0.0,0.0,0.0,0.02702702702702703
13.0,4108823296.0,-44943314944.0,0.04296935722231865,0.0,0.0,0.0,0.0,0.02702702702702703
13.5,8447471616.0,-97546616832.0,0.040856581181287766,0.0,0.0,0.0,0.0,0.02702702702702703
14.0,17450670080.0,-212158152704.0,0.0389411598443985,0.0,0.0,0.0,0.0,0.02702702702702703
14.5,36210339840.0,-462319190016.0,0.037199966609478,0.0,0.0,0.0,0.0,0.02702702702702703
15.0,75450400768.0,-1009250861056.0,0.03561251610517502,0.0,0.0,0.0,0.0,0.02702702702702703
15.5,157828169728.0,-2206870011904.0,0.03416203707456589,0.0,0.0,0.0,0.0,0.02702702702702703
16.0,331358240768.0,-4833093353472.0,0.03283333778381348,0.0,0.0,0.0,0.0,0.02702702702702703
16.5,698084491264.0,-10599828291584.0,0.0316142700612545,0.0,0.0,0.0,0.0,0.02702702702702703
17.0,1475467149312.0,-23278557069312.0,0.030493201687932014,0.0,0.0,0.0,0.0,0.02702702702702703
17.5,3128129224704.0,-51186858196992.0,0.029460996389389038,0.0,0.0,0.0,0.0,0.02702702702702703
18.0,6651230814208.0,-112686251638784.0,0.02850913256406784,0.0,0.0,0.0,0.0,0.02702702702702703
18.5,14181294145536.0,-248348162392064.0,0.02763024903833866,0.0,0.0,0.0,0.0,0.02702702702702703
19.0,30315561091072.0,-547896462147584.0,0.026817718520760536,0.0,0.0,0.0,0.0,0.02702702702702703
19.5,64967294320640.0,-1209918057086976.0,0.0260660108178854,0.0,0.0,0.0,0.0,0.02702702702702703
20.0,139556816945152.0,-2674284472303616.0,0.025369742885231972,0.0,0.0,0.0,0.0,0.02702702702702703
20.5,300459000594432.0,-5916020023754752.0,0.024724408984184265,0.0,0.0,0.0,0.0,0.02702702702702703
21.0,648262230999040.0,-1.3097845292793856e+16,0.024125682190060616,0.0,0.0,0.0,0.0,0.02702702702702703
21.5,1401536412385280.0,-2.9020024572215296e+16,0.023570183664560318,0.0,0.0,0.0,0.0,0.02702702702702703
22.0,3036020039745536.0,-6.434342475241882e+16,0.02305431105196476,0.0,0.0,0.0,0.0,0.02702702702702703
22.5,6588893222666240.0,-1.4275822751842304e+17,0.02257511019706726,0.0,0.0,0.0,0.0,0.02702702702702703
23.0,1.4324849803526144e+16,-3.1693632265047245e+17,0.022129658609628677,0.0,0.0,0.0,0.0,0.02702702702702703
23.5,3.119624584639283e+16,-7.040462948841554e+17,0.02171548269689083,0.0,0.0,0.0,0.0,0.02702702702702703
24.0,6.804791994456474e+16,-1.5648544980257997e+18,0.021330371499061584,0.0,0.0,0.0,0.0,0.02702702702702703
24.5,1.486603114470441e+17,-3.4799804153121997e+18,0.020972171798348427,0.0,0.0,0.0,0.0,0.02702702702702703
25.0,3.252456068994826e+17,-7.742776275961381e+18,0.02063874714076519,0.0,0.0,0.0,0.0,0.02702702702702703
25.5,7.125809790168596e+17,-1.7235416511435244e+19,0.020328648388385773,0.0,0.0,0.0,0.0,0.02702702702702703
26.0,1.5632707889649418e+18,-3.838315048119514e+19,0.02003992721438408,0.0,0.0,0.0,0.0,0.02702702702702703
26.5,3.4338707459339715e+18,-8.551507980023182e+19,0.01977137103676796,0.0,0.0,0.0,0.0,0.02702702702702703
27.0,7.55190710469342e+18,-1.9059782499236525e+20,0.019521227106451988,0.0,0.0,0.0,0.0,0.02702702702702703
27.5,1.6627485537321615e+19,-4.24968773591051e+20,0.019288575276732445,0.0,0.0,0.0,0.0,0.02702702702702703
28.0,3.6649627463494664e+19,-9.478750764787145e+20,0.01907189190387726,0.0,0.0,0.0,0.0,0.02702702702702703
28.5,8.086518355371596e+19,-2.114909806786578e+21,0.018870145082473755,0.0,0.0,0.0,0.0,0.02702702702702703
29.0,1.7859949671323638e+20,-4.720320159788959e+21,0.018682505935430527,0.0,0.0,0.0,0.0,0.02702702702702703
29.5,3.948239646696187e+20,-1.0538589761233173e+22,0.018507767468690872,0.0,0.0,0.0,0.0,0.02702702702702703
30.0,8.735969263495162e+20,-2.3535208170288144e+22,0.018345288932323456,0.0,0.0,0.0,0.0,0.02702702702702703
30.5,1.9345628782335497e+21,-5.257406278320254e+22,0.018194099888205528,0.0,0.0,0.0,0.0,0.02702702702702703
31.0,4.2874555557043367e+21,-1.1747264027787016e+23,0.01805325783789158,0.0,0.0,0.0,0.0,0.02702702702702703
31.5,9.509191861305937e+21,-2.625474643695254e+23,0.01792246662080288,0.0,0.0,0.0,0.0,0.02702702702702703
32.0,2.1105561207318036e+22,-5.869205605963751e+23,0.017800791189074516,0.0,0.0,0.0,0.0,0.02702702702702703
32.5,4.68752213255268e+22,-1.3123386992374091e+24,0.017687546089291573,0.0,0.0,0.0,0.0,0.02702702702702703
33.0,1.041758164212543e+23,-2.9349643159311636e+24,0.01758229359984398,0.0,0.0,0.0,0.0,0.02702702702702703
33.5,2.316609854914841e+23,-6.565160475266587e+24,0.017484629526734352,0.0,0.0,0.0,0.0,0.02702702702702703
34.0,5.154499477194801e+23,-1.4688215357005212e+25,0.017393728718161583,0.0,0.0,0.0,0.0,0.02702702702702703
34.5,1.1475042867446696e+24,-3.286773528437699e+25,0.017309410497546196,0.0,0.0,0.0,0.0,0.02702702702702703
35.0,2.5558972720441115e+24,-7.356033037377657e+25,0.01723097451031208,0.0,0.0,0.0,0.0,0.02702702702702703
35.5,5.695624194188341e+24,-1.646595483116751e+26,0.017158281058073044,0.0,0.0,0.0,0.0,0.02702702702702703
36.0,1.2698033032380836e+25,-3.686346791611355e+26,0.01709071360528469,0.0,0.0,0.0,0.0,0.02702702702702703
36.5,2.832159515932951e+25,-8.254067209148345e+26,0.017028214409947395,0.0,0.0,0.0,0.0,0.02702702702702703
37.0,6.319380438330198e+25,-1.8484142264774827e+27,0.016970455646514893,0.0,0.0,0.0,0.0,0.02702702702702703
37.5,1.4105789850005555e+26,-4.139873202532261e+27,0.016916656866669655,0.0,0.0,0.0,0.0,0.02702702702702703
38.0,3.149750560055862e+26,-9.27317647496636e+27,0.016867009922862053,0.0,0.0,0.0,0.0,0.02702702702702703
38.5,7.035622869591682e+26,-2.07740396132633e+28,0.01682102121412754,0.0,0.0,0.0,0.0,0.02702702702702703
39.0,1.5720548466460372e+27,-4.654380933799012e+28,0.016778524965047836,0.0,0.0,0.0,0.0,0.02702702702702703
39.5,3.513690948678608e+27,-1.0429151815918517e+29,0.016739163547754288,0.0,0.0,0.0,0.0,0.02702702702702703
40.0,7.855659595732707e+27,-2.3371140950502733e+29,0.016702856868505478,0.0,0.0,0.0,0.0,0.02702702702702703
40.5,1.7567831391017302e+28,-5.2378448965669505e+29,0.01666930876672268,0.0,0.0,0.0,0.0,0.02702702702702703
41.0,3.9297394638424448e+28,-1.173991565763089e+30,0.016638360917568207,0.0,0.0,0.0,0.0,0.02702702702702703
41.5,8.792485373965114e+28,-2.631570985786921e+30,0.01661001518368721,0.0,0.0,0.0,0.0,0.02702702702702703
42.0,1.967688843040501e+29,-5.899310169926369e+30,0.01658385805785656,0.0,0.0,0.0,0.0,0.02702702702702703
42.5,4.404467727133101e+29,-1.3225788701979118e+31,0.016559798270463943,0.0,0.0,0.0,0.0,0.02702702702702703
43.0,9.86089358988343e+29,-2.9653407765801025e+31,0.016537515446543694,0.0,0.0,0.0,0.0,0.02702702702702703
43.5,2.2081075429979437e+30,-6.649033979441119e+31,0.01651749759912491,0.0,0.0,0.0,0.0,0.02702702702702703
44.0,4.9453870024519677e+30,-1.4909811730155084e+32,0.01649884134531021,0.0,0.0,0.0,0.0,0.02702702702702703
44.5,1.1077777768168583e+31,-3.343597901144832e+32,0.01648201048374176,0.0,0.0,0.0,0.0,0.02702702702702703
45.0,2.4818304114549038e+31,-7.498644607803068e+32,0.016466593369841576,0.0,0.0,0.0,0.0,0.02702702702702703
45.5,5.561031690288935e+31,-1.6818105585263793e+33,0.016452429816126823,0.0,0.0,0.0,0.0,0.02702702702702703
46.0,1.2462313361266252e+32,-3.772210654659134e+33,0.01643971912562847,0.0,0.0,0.0,0.0,0.02702702702702703
46.5,2.7931791980338323e+32,-8.461318930575535e+33,0.016428176313638687,0.0,0.0,0.0,0.0,0.02702702702702703
47.0,6.261114249299439e+32,-1.8980274945689107e+34,0.016417764127254486,0.0,0.0,0.0,0.0,0.02702702702702703
47.5,1.4036341354960958e+33,-4.25782841153596e+34,0.016408279538154602,0.0,0.0,0.0,0.0,0.02702702702702703
48.0,3.147052172760056e+33,-9.551995851079597e+34,0.016399826854467392,0.0,0.0,0.0,0.0,0.02702702702702703
48.5,7.056632081818532e+33,-2.1429865139233572e+35,0.01639220118522644,0.0,0.0,0.0,0.0,0.02702702702702703
49.0,1.5824627136266273e+34,-4.8079875836125736e+35,0.0163855142891407,0.0,0.0,0.0,0.0,0.02702702702702703
49.5,3.549016626658188e+34,-1.0787601234486088e+36,0.01637936942279339,0.0,0.0,0.0,0.0,0.02702702702702703
50.0,7.960130735266589e+34,-2.420490085593788e+36,0.016374189406633377,0.0,0.0,0.0,0.0,0.02702702702702703
50.5,1.7855272671363748e+35,-5.431226812792345e+36,0.016369404271245003,0.0,0.0,0.0,0.0,0.02702702702702703
51.0,4.0053928285554484e+35,-1.218731583270242e+37,0.016365380957722664,0.0,0.0,0.0,0.0,0.02702702702702703
51.5,8.98574682568918e+35,-2.734846391450425e+37,0.016361860558390617,0.0,0.0,0.0,0.0,0.02702702702702703
52.0,2.0160130442190405e+36,-6.137224912475034e+37,0.01635902188718319,0.0,0.0,0.0,0.0,0.02702702702702703
52.5,4.5233373543847873e+36,-1.3772875709889606e+38,0.01635652780532837,0.0,0.0,0.0,0.0,0.02702702702702703
53.0,1.0149631509190852e+37,-inf,0.0,0.0,0.0,0.0,0.0,0.02702702702702703
53.5,2.277538902116891e+37,-inf,0.0,0.0,0.0,0.0,0.0,0.02702702702702703
54.0,5.110986706674748e+37,-inf,0.0,0.0,0.0,0.0,0.0,0.02702702702702703
54.5,1.1469989626960911e+38,-inf,0.0,,,0.0,0.0,0.02702702702702703
55.0,2.5742028620762627e+38,-inf,0.0,,,0.0,0.0,0.02702702702702703
55.5,inf,-inf,,,,0.0,0.0,0.02702702702702703
56.0,inf,-inf,,,,0.0,0.0,0.02702702702702703
56.5,,-inf,,,,0.0,0.0,0.02702702702702703
57.0,,-inf,,,,0.0,0.0,0.02702702702702703
57.5,,-inf,,,,0.0,0.0,0.02702702702702703
58.0,,-inf,,,,0.0,0.0,0.02702702702702703
58.5,,-inf,,,,0.0,0.0,0.02702702702702703
59.0,,-inf,,,,0.0,0.0,0.02702702702702703
59.5,,-inf,,,,0.0,0.0,0.02702702702702703
60.0,,-inf,,,,0.0,0.0,0.02702702702702703
60.5,,-inf,,,,0.0,0.0,0.02702702702702703
61.0,,-inf,,,,0.0,0.0,0.02702702702702703
61.5,,-inf,,,,0.0,0.0,0.02702702702702703
62.0,,-inf,,,,0.0,0.0,0.02702702702702703
62.5,,-inf,,,,0.0,0.0,0.02702702702702703
63.0,,-inf,,,,0.0,0.0,0.02702702702702703
63.5,,-inf,,,,0.0,0.0,0.02702702702702703
64.0,,-inf,,,,0.0,0.0,0.02702702702702703
