time,DE,WDE,RQ,CH,CL,train_acc,val_acc,test_acc
0.0,1765.390625,243.2774658203125,0.30787450075149536,0.0,0.0,0.5184563758389261,0.4585427135678392,0.4245472837022133
0.5,1796.2889404296875,-566.3645629882812,0.31433311104774475,0.0,0.0,0.6174496644295302,0.5376884422110553,0.49899396378269617
1.0,1961.1043701171875,-1256.89892578125,0.273440420627594,0.0,0.0,0.6426174496644296,0.5703517587939698,0.5533199195171026
1.5,2279.962158203125,-2296.83447265625,0.22488069534301758,0.0,0.0,0.6996644295302014,0.6293969849246231,0.6156941649899397
2.0,2821.9150390625,-4129.84814453125,0.1819116622209549,0.0,0.0,0.7550335570469798,0.6834170854271356,0.6619718309859155
2.5,3722.85205078125,-7534.11279296875,0.14769351482391357,0.0,0.0,0.802013422818792,0.7324120603015075,0.7364185110663984
3.0,5235.05615234375,-14043.734375,0.12175153195858002,0.0,0.0,0.8431208053691275,0.7600502512562815,0.7645875251509054
3.5,7827.7109375,-26767.39453125,0.1024874672293663,0.0,0.0,0.8649328859060402,0.7776381909547738,0.7907444668008048
4.0,12385.5205078125,-52093.171875,0.08821993321180344,0.0,0.0,0.8850671140939598,0.7914572864321608,0.8028169014084507
4.5,20603.419921875,-103287.84375,0.07755013555288315,0.0,0.0,0.8942953020134228,0.8090452261306532,0.8189134808853119
5.0,35778.46875,-208149.6875,0.06943012028932571,0.0,0.0,0.9010067114093959,0.821608040201005,0.8289738430583501
5.5,64414.2265625,-425370.625,0.06311759352684021,0.0,0.0,0.9077181208053692,0.8278894472361809,0.8329979879275654
6.0,119499.9375,-879690.3125,0.05810040608048439,0.0,0.0,0.9060402684563759,0.8366834170854272,0.8329979879275654
6.5,227267.078125,-1837749.0,0.05402810871601105,0.0,0.0,0.9052013422818792,0.8404522613065326,0.8329979879275654
7.0,441210.9375,-3872388.5,0.05066021904349327,0.0,0.0,0.9052013422818792,0.8442211055276382,0.8350100603621731
7.5,871378.0,-8219769.0,0.0478290319442749,0.0,0.0,0.8984899328859061,0.842964824120603,0.8350100603621731
8.0,1745897.375,-17558014.0,0.04541540518403053,0.0,0.0,0.8968120805369127,0.8417085427135679,0.8430583501006036
8.5,3540939.5,-37709788.0,0.04333232343196869,0.0,0.0,0.8959731543624161,0.8366834170854272,0.8410462776659959
9.0,7256514.5,-81374904.0,0.041515618562698364,0.0,0.0,0.8917785234899329,0.8341708542713567,0.8370221327967807
9.5,15004332.0,-176333136.0,0.039916496723890305,0.0,0.0,0.8817114093959731,0.8278894472361809,0.8350100603621731
10.0,31265846.0,-383511136.0,0.03849709779024124,0.0,0.0,0.8783557046979866,0.8241206030150754,0.8329979879275654
10.5,65594416.0,-836857856.0,0.03722810372710228,0.0,0.0,0.875,0.8203517587939698,0.8309859154929577
11.0,138439040.0,-1831525120.0,0.036085594445466995,0.0,0.0,0.8691275167785235,0.8190954773869347,0.8209255533199196
11.5,293735136.0,-4019222528.0,0.03505100682377815,0.0,0.0,0.8649328859060402,0.8153266331658291,0.8128772635814889
12.0,626205568.0,-8841756672.0,0.03410903736948967,0.0,0.0,0.8624161073825504,0.8090452261306532,0.8108651911468813
12.5,1340718592.0,-19494709248.0,0.033247221261262894,0.0,0.0,0.8565436241610739,0.8052763819095478,0.8108651911468813
13.0,2881676032.0,-43072790528.0,0.03245482221245766,0.0,0.0,0.8506711409395973,0.800251256281407,0.8048289738430584
13.5,6215724032.0,-95352889344.0,0.03172348812222481,0.0,0.0,0.8456375838926175,0.7989949748743719,0.8008048289738431
14.0,13450869760.0,-211472531456.0,0.031045936048030853,0.0,0.0,0.8414429530201343,0.7889447236180904,0.7967806841046278
14.5,29195157504.0,-469802024960.0,0.03041606768965721,0.0,0.0,0.8330536912751678,0.7839195979899497,0.7867203219315896
15.0,63544393728.0,-1045379022848.0,0.029828591272234917,0.0,0.0,0.8246644295302014,0.7776381909547738,0.7826961770623743
15.5,138664509440.0,-2329660620800.0,0.029279060661792755,0.0,0.0,0.8179530201342282,0.7726130653266332,0.7766599597585513
16.0,303319613440.0,-5199211528192.0,0.02876359038054943,0.0,0.0,0.802013422818792,0.7600502512562815,0.772635814889336
16.5,664992350208.0,-11619239198720.0,0.028278840705752373,0.0,0.0,0.7927852348993288,0.7487437185929648,0.7625754527162978
17.0,1461014757376.0,-26000737959936.0,0.027821993455290794,0.0,0.0,0.7776845637583892,0.7311557788944724,0.7464788732394366
17.5,3216333340672.0,-58255430647808.0,0.027390191331505775,0.0,0.0,0.7609060402684564,0.7160804020100503,0.7344064386317908
18.0,7093946941440.0,-130679337648128.0,0.02698143944144249,0.0,0.0,0.7399328859060402,0.699748743718593,0.7243460764587525
18.5,15674425475072.0,-293478504333312.0,0.0265936441719532,0.0,0.0,0.7214765100671141,0.6809045226130653,0.6961770623742455
19.0,34692241817600.0,-659819518230528.0,0.026225067675113678,0.0,0.0,0.6946308724832215,0.6557788944723618,0.6841046277665996
19.5,76908343590912.0,-1485031650361344.0,0.02587396465241909,0.0,0.0,0.6703020134228188,0.6293969849246231,0.6680080482897385
20.0,170758185680896.0,-3345734157991936.0,0.025538990274071693,0.0,0.0,0.6501677852348994,0.5992462311557789,0.6539235412474849
20.5,379686886572032.0,-7545306740686848.0,0.02521890215575695,0.0,0.0,0.6308724832214765,0.5741206030150754,0.6378269617706237
21.0,845428945846272.0,-1.7032472348852224e+16,0.024912524968385696,0.0,0.0,0.6082214765100671,0.5489949748743719,0.6237424547283702
21.5,1884991621431296.0,-3.848402366365696e+16,0.0246187224984169,0.0,0.0,0.5763422818791947,0.535175879396985,0.6096579476861167
22.0,4208214325329920.0,-8.703069184537395e+16,0.024336490780115128,0.0,0.0,0.5604026845637584,0.5201005025125628,0.5995975855130785
22.5,9406311238205440.0,-1.969888983693394e+17,0.02406519092619419,0.0,0.0,0.5335570469798657,0.5012562814070352,0.5835010060362174
23.0,2.105000837985075e+16,-4.4624888876079514e+17,0.023803791031241417,0.0,0.0,0.5167785234899329,0.4723618090452261,0.5674044265593562
23.5,4.716030427817574e+16,-1.0117376832501187e+18,0.023551737889647484,0.0,0.0,0.5,0.4623115577889447,0.5613682092555332
24.0,1.0577260627519078e+17,-2.2956406408195604e+18,0.023308269679546356,0.0,0.0,0.4823825503355705,0.4484924623115578,0.5412474849094567
24.5,2.3747853432127488e+17,-5.212852797006938e+18,0.023072848096489906,0.0,0.0,0.46812080536912754,0.4371859296482412,0.5291750503018109
25.0,5.337197803942707e+17,-1.1846044819170263e+19,0.022844865918159485,0.0,0.0,0.45721476510067116,0.42462311557788945,0.5130784708249497
25.5,1.20067137045581e+18,-2.6939455449535087e+19,0.022623827680945396,0.0,0.0,0.4471476510067114,0.41457286432160806,0.5070422535211268
26.0,2.703596838119801e+18,-6.130744015474341e+19,0.02240931987762451,0.0,0.0,0.44043624161073824,0.4045226130653266,0.5030181086519114
26.5,6.09329937733229e+18,-1.3961707721053123e+20,0.022200845181941986,0.0,0.0,0.4354026845637584,0.39949748743718594,0.49295774647887325
27.0,1.3744929987641737e+19,-3.1816830096526174e+20,0.021998031064867973,0.0,0.0,0.4261744966442953,0.3869346733668342,0.48893360160965793
27.5,3.103125278793138e+19,-7.255389775373858e+20,0.021800654008984566,0.0,0.0,0.4203020134228188,0.38190954773869346,0.48088531187122735
28.0,7.011497249592679e+19,-1.6555520742065072e+21,0.021608252078294754,0.0,0.0,0.4161073825503356,0.3793969849246231,0.4768611670020121
28.5,1.585496998706015e+20,-3.7800372374883166e+21,0.021420499309897423,0.0,0.0,0.4110738255033557,0.3768844221105528,0.4708249496981891
29.0,3.587999527252588e+20,-8.63601820295265e+21,0.021237242966890335,0.0,0.0,0.40604026845637586,0.3768844221105528,0.4708249496981891
29.5,8.125706884925998e+20,-1.9741891506348573e+22,0.02105814963579178,0.0,0.0,0.4035234899328859,0.3756281407035176,0.46277665995975853
30.0,1.8415438426799792e+21,-4.515596766417848e+22,0.020883020013570786,0.0,0.0,0.39848993288590606,0.3693467336683417,0.45875251509054327
30.5,4.176432817690399e+21,-1.0334428980045512e+23,0.020711636170744896,0.0,0.0,0.3934563758389262,0.36432160804020103,0.448692152917505
31.0,9.47812490517643e+21,-2.366446328103353e+23,0.020543832331895828,0.0,0.0,0.3875838926174497,0.3592964824120603,0.44668008048289737
31.5,2.1524067209890694e+22,-5.421753887722072e+23,0.02037929743528366,0.0,0.0,0.38422818791946306,0.3592964824120603,0.4426559356136821
32.0,4.891058264472025e+22,-1.2428251706145843e+24,0.020218035206198692,0.0,0.0,0.3800335570469799,0.35678391959798994,0.43661971830985913
32.5,1.1121160096791088e+23,-2.850373600447031e+24,0.020059825852513313,0.0,0.0,0.3766778523489933,0.3492462311557789,0.43661971830985913
33.0,2.5302209895605766e+23,-6.540477578774459e+24,0.019904516637325287,0.0,0.0,0.37080536912751677,0.34673366834170855,0.4225352112676056
33.5,5.759975660889477e+23,-1.5015084744462318e+25,0.019752077758312225,0.0,0.0,0.36577181208053694,0.34045226130653267,0.42052313883299797
34.0,1.3119872022936921e+24,-3.4486686107889997e+25,0.019602205604314804,0.0,0.0,0.36073825503355705,0.34045226130653267,0.4164989939637827
34.5,2.9900526348035357e+24,-7.924564456740997e+25,0.01945498213171959,0.0,0.0,0.3548657718120805,0.33542713567839194,0.4124748490945674
35.0,6.818072254046172e+24,-1.8217738814080892e+26,0.019310206174850464,0.0,0.0,0.35151006711409394,0.3341708542713568,0.4084507042253521
35.5,1.5555062448673962e+25,-4.189902690921545e+26,0.019167793914675713,0.0,0.0,0.34815436241610737,0.32914572864321606,0.4084507042253521
36.0,3.550613619575152e+25,-9.640484648761156e+26,0.019027719274163246,0.0,0.0,0.34563758389261745,0.32663316582914576,0.40040241448692154
36.5,8.108688788038321e+25,-2.2190888572787535e+27,0.018889829516410828,0.0,0.0,0.34395973154362414,0.3203517587939699,0.3963782696177062
37.0,1.8527116537638704e+26,-5.110068639042571e+27,0.018754132091999054,0.0,0.0,0.337248322147651,0.3178391959798995,0.386317907444668
37.5,4.2351580881575765e+26,-1.177200961582711e+28,0.018620524555444717,0.0,0.0,0.33053691275167785,0.314070351758794,0.3822937625754527
38.0,9.685696142746292e+26,-2.7129504317971893e+28,0.018488945439457893,0.0,0.0,0.3238255033557047,0.30778894472361806,0.3762575452716298
38.5,2.2160849894737906e+27,-6.25455245533615e+28,0.018359338864684105,0.0,0.0,0.3196308724832215,0.30527638190954776,0.3682092555331992
39.0,5.072610237804638e+27,-1.4424792376266056e+29,0.018231645226478577,0.0,0.0,0.31711409395973156,0.3027638190954774,0.36016096579476864
39.5,1.1616125478819203e+28,-3.327957441487455e+29,0.018105879426002502,0.0,0.0,0.3162751677852349,0.2989949748743719,0.35412474849094566
40.0,2.661161891407827e+28,-7.680628364089849e+29,0.017981896176934242,0.0,0.0,0.30788590604026844,0.2964824120603015,0.3440643863179074
40.5,6.0989769249778995e+28,-1.7732206579079732e+30,0.01785970851778984,0.0,0.0,0.3028523489932886,0.29396984924623115,0.33400402414486924
41.0,1.3983444727143542e+29,-4.0951694207930226e+30,0.017739294096827507,0.0,0.0,0.2961409395973154,0.2914572864321608,0.3299798792756539
41.5,3.207292288695807e+29,-9.46063759382214e+30,0.017620567232370377,0.0,0.0,0.29194630872483224,0.2876884422110553,0.32595573440643866
42.0,7.359125876042897e+29,-2.1862744031419945e+31,0.017503522336483,0.0,0.0,0.28691275167785235,0.2814070351758794,0.3199195171026157
42.5,1.6891693347206288e+30,-5.053836534076174e+31,0.017388110980391502,0.0,0.0,0.2860738255033557,0.2814070351758794,0.3199195171026157
43.0,3.878605471781807e+30,-1.1686015669740226e+32,0.017274368554353714,0.0,0.0,0.2827181208053691,0.27889447236180903,0.3199195171026157
43.5,8.909018644978911e+30,-2.7029440077171407e+32,0.01716216653585434,0.0,0.0,0.28187919463087246,0.27261306532663315,0.317907444668008
44.0,2.0470678039391896e+31,-6.253593376704518e+32,0.01705153100192547,0.0,0.0,0.28187919463087246,0.27261306532663315,0.3158953722334004
44.5,4.705212792629969e+31,-1.4472418113199626e+33,0.016942469403147697,0.0,0.0,0.27768456375838924,0.271356783919598,0.31388329979879276
45.0,1.0818512745819849e+32,-3.3501804925612273e+33,0.016834907233715057,0.0,0.0,0.27684563758389263,0.2701005025125628,0.30985915492957744
45.5,2.4882482601320083e+32,-7.757252293662348e+33,0.016728760674595833,0.0,0.0,0.27348993288590606,0.2663316582914573,0.3038229376257545
46.0,5.724726822821214e+32,-1.7966242359249313e+34,0.01662413775920868,0.0,0.0,0.2726510067114094,0.2613065326633166,0.3038229376257545
46.5,1.317489756724849e+33,-4.162106926290288e+34,0.016520893201231956,0.0,0.0,0.27181208053691275,0.2600502512562814,0.29577464788732394
47.0,3.032971355864761e+33,-9.644352120122475e+34,0.01641911268234253,0.0,0.0,0.2701342281879195,0.25753768844221103,0.29577464788732394
47.5,6.984171737499041e+33,-2.235290690449382e+35,0.01631869561970234,0.0,0.0,0.2684563758389262,0.2550251256281407,0.2937625754527163
48.0,1.608733781964326e+34,-5.1819508489329024e+35,0.016219669952988625,0.0,0.0,0.2651006711409396,0.2537688442211055,0.2937625754527163
48.5,3.7065796541543685e+34,-1.2015680536664943e+36,0.01612197421491146,0.0,0.0,0.26426174496644295,0.2537688442211055,0.2917505030181087
49.0,8.542392366512358e+34,-2.7867412815749784e+36,0.016025595366954803,0.0,0.0,0.2625838926174497,0.25125628140703515,0.289738430583501
49.5,1.969247076345827e+35,-6.464509733273278e+36,0.01593056134879589,0.0,0.0,0.2625838926174497,0.25125628140703515,0.289738430583501
50.0,4.540802489757594e+35,-1.4999016837683242e+37,0.015836788341403008,0.0,0.0,0.2625838926174497,0.25,0.2857142857142857
50.5,1.0473075728965586e+36,-3.480774851215003e+37,0.015744319185614586,0.0,0.0,0.2600671140939597,0.25,0.2857142857142857
51.0,2.4161441039672306e+36,-8.079280336771644e+37,0.015653058886528015,0.0,0.0,0.25922818791946306,0.24748743718592964,0.2857142857142857
51.5,5.575396081731001e+36,-inf,0.0,0.0,0.0,0.25671140939597314,0.2449748743718593,0.2837022132796781
52.0,1.2868581688879476e+37,-inf,0.0,0.0,0.0,0.2558724832214765,0.24371859296482412,0.2837022132796781
52.5,2.9708816655623213e+37,-inf,0.0,0.0,0.0,0.2533557046979866,0.24120603015075376,0.2837022132796781
53.0,6.860213206387521e+37,-inf,0.0,0.0,0.0,0.25,0.23869346733668342,0.2837022132796781
53.5,1.5844741090950787e+38,-inf,0.0,,,0.24748322147651006,0.23869346733668342,0.2837022132796781
54.0,inf,-inf,,,,0.24664429530201343,0.23618090452261306,0.2837022132796781
54.5,inf,-inf,,,,0.24664429530201343,0.23618090452261306,0.28169014084507044
55.0,inf,-inf,,,,0.24664429530201343,0.23492462311557788,0.28169014084507044
55.5,inf,-inf,,,,0.24496644295302014,0.23492462311557788,0.28169014084507044
56.0,inf,-inf,,,,0.24412751677852348,0.23241206030150754,0.28169014084507044
56.5,inf,-inf,,,,0.24161073825503357,0.22989949748743718,0.2776659959758551
57.0,,-inf,,,,0.23825503355704697,0.228643216080402,0.2776659959758551
57.5,,-inf,,,,0.23741610738255034,0.228643216080402,0.2776659959758551
58.0,,,,,,0.2348993288590604,0.22738693467336685,0.27565392354124746
58.5,,,,,,0.23406040268456377,0.22613065326633167,0.27364185110663986
59.0,,,,,,0.2332214765100671,0.22613065326633167,0.2716297786720322
59.5,,,,,,0.23154362416107382,0.22110552763819097,0.26961770623742454
60.0,,,,,,0.23154362416107382,0.2198492462311558,0.2676056338028169
60.5,,,,,,0.22483221476510068,0.20979899497487436,0.25553319919517103
61.0,,,,,,0.2181208053691275,0.19974874371859297,0.23943661971830985
61.5,,,,,,0.21476510067114093,0.1972361809045226,0.23340040241448692
62.0,,,,,,0.21140939597315436,0.19472361809045227,0.23138832997987926
62.5,,,,,,0.20721476510067113,0.1934673366834171,0.22937625754527163
63.0,,,,,,0.20302013422818793,0.1934673366834171,0.22334004024144868
63.5,,,,,,0.20302013422818793,0.1934673366834171,0.22334004024144868
64.0,,,,,,0.20218120805369127,0.1922110552763819,0.22334004024144868
