time,DE,WDE,RQ,CH,CL,train_acc,val_acc,test_acc
0.0,9304.953125,3985.608154296875,0.48373204469680786,0.0,0.0,0.85,0.7125,0.5686274509803921
0.5,9826.2841796875,-200.90029907226562,0.7004820704460144,0.0,0.0,0.8333333333333334,0.675,0.5098039215686274
1.0,11508.8388671875,-1926.7142333984375,0.7491986751556396,0.0,0.0,0.8833333333333333,0.6875,0.5098039215686274
1.5,14524.517578125,-3735.2294921875,0.7246018648147583,0.0,0.0,0.8916666666666667,0.6375,0.49019607843137253
2.0,19470.466796875,-6555.6845703125,0.6773843765258789,0.0,0.0,0.8666666666666667,0.6375,0.5294117647058824
2.5,27458.74609375,-11460.8125,0.6246857643127441,0.0,0.0,0.8666666666666667,0.6125,0.5882352941176471
3.0,40425.95703125,-20341.900390625,0.5721994042396545,0.0,0.0,0.8583333333333333,0.6,0.5294117647058824
3.5,61723.97265625,-36815.9140625,0.5218013525009155,0.0,0.0,0.825,0.6125,0.5490196078431373
4.0,97193.0234375,-67970.671875,0.4740954339504242,0.0,0.0,0.8,0.5875,0.5294117647058824
4.5,157109.78125,-127902.4609375,0.429260790348053,0.0,0.0,0.7666666666666667,0.5625,0.43137254901960786
5.0,259749.828125,-244992.15625,0.3873715102672577,0.0,0.0,0.7416666666666667,0.5125,0.4117647058823529
5.5,437960.34375,-477011.1875,0.3484939634799957,0.0,0.0,0.7166666666666667,0.5,0.4117647058823529
6.0,751395.75,-942735.8125,0.3126737177371979,0.0,0.0,0.6833333333333333,0.45,0.37254901960784315
6.5,1309498.125,-1888583.25,0.27992433309555054,0.0,0.0,0.65,0.45,0.35294117647058826
7.0,2315034.25,-3829984.5,0.2502153515815735,0.0,0.0,0.5916666666666667,0.45,0.3137254901960784
7.5,4147264.5,-7853062.0,0.22346046566963196,0.0,0.0,0.5083333333333333,0.4125,0.29411764705882354
8.0,7522117.0,-16261786.0,0.1995268613100052,0.0,0.0,0.49166666666666664,0.3625,0.29411764705882354
8.5,13803068.0,-33972824.0,0.17823882400989532,0.0,0.0,0.45,0.3125,0.2549019607843137
9.0,25609040.0,-71534744.0,0.15939323604106903,0.0,0.0,0.3333333333333333,0.2125,0.23529411764705882
9.5,48011664.0,-151688112.0,0.14277230203151703,0.0,0.0,0.26666666666666666,0.15,0.1568627450980392
10.0,90909368.0,-323667904.0,0.1281527876853943,0.0,0.0,0.21666666666666667,0.075,0.13725490196078433
10.5,173765936.0,-694481664.0,0.11531758308410645,0.0,0.0,0.19166666666666668,0.075,0.11764705882352941
11.0,335126944.0,-1497500160.0,0.1040596291422844,0.0,0.0,0.16666666666666666,0.075,0.11764705882352941
11.5,651844608.0,-3243238912.0,0.09418792277574539,0.0,0.0,0.15833333333333333,0.075,0.09803921568627451
12.0,1278131456.0,-7051556352.0,0.08552819490432739,0.0,0.0,0.13333333333333333,0.075,0.0784313725490196
12.5,2525314048.0,-15384980480.0,0.07792520523071289,0.0,0.0,0.11666666666666667,0.075,0.058823529411764705
13.0,5025513984.0,-33670389760.0,0.07123963534832001,0.0,0.0,0.1,0.075,0.058823529411764705
13.5,10069158912.0,-73890938880.0,0.06535176932811737,0.0,0.0,0.09166666666666666,0.075,0.058823529411764705
14.0,20304031744.0,-162553184256.0,0.06015460938215256,0.0,0.0,0.09166666666666666,0.075,0.0392156862745098
14.5,41189138432.0,-358381715456.0,0.05555702745914459,0.0,0.0,0.09166666666666666,0.075,0.0392156862745098
15.0,84030570496.0,-791662297088.0,0.05148030444979668,0.0,0.0,0.08333333333333333,0.075,0.0392156862745098
15.5,172344131584.0,-1751812669440.0,0.047855444252491,0.0,0.0,0.075,0.075,0.0392156862745098
16.0,355237363712.0,-3882477420544.0,0.04462455213069916,0.0,0.0,0.075,0.075,0.0392156862745098
16.5,735648677888.0,-8616539062272.0,0.04173676297068596,0.0,0.0,0.06666666666666667,0.0375,0.0392156862745098
17.0,1530126270464.0,-19146821599232.0,0.03914865106344223,0.0,0.0,0.06666666666666667,0.0375,0.0392156862745098
17.5,3195747172352.0,-42593643659264.0,0.036823730915784836,0.0,0.0,0.058333333333333334,0.0375,0.0392156862745098
18.0,6700347686912.0,-94847851560960.0,0.03472917526960373,0.0,0.0,0.058333333333333334,0.0375,0.0392156862745098
18.5,14099427622912.0,-211398021873664.0,0.03283805772662163,0.0,0.0,0.058333333333333334,0.0375,0.0392156862745098
19.0,29770876190720.0,-471547949088768.0,0.03112613409757614,0.0,0.0,0.058333333333333334,0.0375,0.0392156862745098
19.5,63064028217344.0,-1052610048032768.0,0.029573271051049232,0.0,0.0,0.058333333333333334,0.0375,0.0392156862745098
20.0,133995882872832.0,-2351228038152192.0,0.028161607682704926,0.0,0.0,0.058333333333333334,0.0375,0.0392156862745098
20.5,285527647453184.0,-5255085760184320.0,0.026875397190451622,0.0,0.0,0.05,0.0375,0.0392156862745098
21.0,610075072790528.0,-1.1751624301084672e+16,0.025701239705085754,0.0,0.0,0.05,0.0375,0.0392156862745098
21.5,1306875333181440.0,-2.6292194205761536e+16,0.02462756074965,0.0,0.0,0.05,0.0375,0.0392156862745098
22.0,2806357401010176.0,-5.885003273181594e+16,0.02364429086446762,0.0,0.0,0.05,0.0375,0.0392156862745098
22.5,6040251952791552.0,-1.3177701834476749e+17,0.022742023691534996,0.0,0.0,0.05,0.0375,0.0392156862745098
23.0,1.3029292246040576e+16,-2.951819696988488e+17,0.02191295102238655,0.0,0.0,0.05,0.0375,0.0392156862745098
23.5,2.8163930215940096e+16,-6.614281246799299e+17,0.021150341257452965,0.0,0.0,0.05,0.0375,0.0392156862745098
24.0,6.099984425209037e+16,-1.4825363989164196e+18,0.020447541028261185,0.0,0.0,0.05,0.0375,0.0392156862745098
24.5,1.3236887342809088e+17,-3.323886322929631e+18,0.019799325615167618,0.0,0.0,0.05,0.0375,0.0392156862745098
25.0,2.8775729409399194e+17,-7.454089602484142e+18,0.01920071430504322,0.0,0.0,0.05,0.0375,0.0392156862745098
25.5,6.266337356215747e+17,-1.6720191959729177e+19,0.01864730380475521,0.0,0.0,0.05,0.0375,0.0392156862745098
26.0,1.3668272311831101e+18,-3.751263194111279e+19,0.01813538372516632,0.0,0.0,0.041666666666666664,0.0375,0.0392156862745098
26.5,2.98602316726639e+18,-8.417741395387954e+19,0.017661310732364655,0.0,0.0,0.041666666666666664,0.0375,0.0392156862745098
27.0,6.533129866965942e+18,-1.8892463217768084e+20,0.017221782356500626,0.0,0.0,0.041666666666666664,0.0375,0.0392156862745098
27.5,1.4314242814852989e+19,-4.240822329675287e+20,0.01681412197649479,0.0,0.0,0.041666666666666664,0.0375,0.0392156862745098
28.0,3.1405524347003077e+19,-9.520818607431436e+20,0.016435546800494194,0.0,0.0,0.041666666666666664,0.0375,0.0392156862745098
28.5,6.899330790787436e+19,-2.1377455901721368e+21,0.01608418859541416,0.0,0.0,0.041666666666666664,0.0375,0.0392156862745098
29.0,1.517558966874108e+20,-4.80054446880117e+21,0.015757601708173752,0.0,0.0,0.041666666666666664,0.0375,0.0392156862745098
29.5,3.341920732550739e+20,-1.0781357425046487e+22,0.015453830361366272,0.0,0.0,0.041666666666666664,0.0375,0.0392156862745098
30.0,7.367752475014427e+20,-2.4215920498565754e+22,0.015171169303357601,0.0,0.0,0.041666666666666664,0.0375,0.0392156862745098
30.5,1.6260712295707632e+21,-5.439631376802882e+22,0.01490809116512537,0.0,0.0,0.041666666666666664,0.0375,0.0392156862745098
31.0,3.592420654711782e+21,-1.2220124874982334e+23,0.014663070440292358,0.0,0.0,0.041666666666666664,0.0375,0.0392156862745098
31.5,7.944317091584257e+21,-2.7454681918789432e+23,0.014434601180255413,0.0,0.0,0.041666666666666664,0.0375,0.0392156862745098
32.0,1.7584399320660276e+22,-6.168638776260539e+23,0.014221800491213799,0.0,0.0,0.041666666666666664,0.0375,0.0392156862745098
32.5,3.895647004312722e+22,-1.386090655541545e+24,0.014023397117853165,0.0,0.0,0.041666666666666664,0.0375,0.0392156862745098
33.0,8.63763567075882e+22,-3.1147361956103716e+24,0.01383824273943901,0.0,0.0,0.041666666666666664,0.0375,0.0392156862745098
33.5,1.9167017372193872e+23,-6.9996447088852e+24,0.01366558950394392,0.0,0.0,0.041666666666666664,0.0375,0.0392156862745098
34.0,4.256391999792547e+23,-1.5730917565771644e+25,0.013504388742148876,0.0,0.0,0.041666666666666664,0.0375,0.0392156862745098
34.5,9.458865621657949e+23,-3.535522568832751e+25,0.013353774324059486,0.0,0.0,0.041666666666666664,0.0375,0.0392156862745098
35.0,2.1034434597395078e+24,-7.946447829235638e+25,0.013213235884904861,0.0,0.0,0.041666666666666664,0.0375,0.0392156862745098
35.5,4.680601613134886e+24,-1.7861211212670678e+26,0.013081895187497139,0.0,0.0,0.041666666666666664,0.0375,0.0392156862745098
36.0,1.042166561435392e+25,-4.014818739959864e+26,0.012959339655935764,0.0,0.0,0.041666666666666664,0.0375,0.0392156862745098
36.5,2.321790219465416e+25,-9.024783244594374e+26,0.012844557873904705,0.0,0.0,0.041666666666666664,0.0375,0.0392156862745098
37.0,5.175421745500165e+25,-2.028720967195265e+27,0.012737463228404522,0.0,0.0,0.041666666666666664,0.0375,0.0392156862745098
37.5,1.1542317768384026e+26,-4.5605950305971264e+27,0.012637176550924778,0.0,0.0,0.041666666666666664,0.0375,0.0392156862745098
38.0,2.575444387460248e+26,-1.025258583878056e+28,0.012543556280434132,0.0,0.0,0.041666666666666664,0.0375,0.0392156862745098
38.5,5.749262414509079e+26,-2.3049268701160172e+28,0.012455872260034084,0.0,0.0,0.041666666666666664,0.0375,0.0392156862745098
39.0,1.2839888678775103e+27,-5.1819330218830705e+28,0.01237393170595169,0.0,0.0,0.041666666666666664,0.0375,0.0392156862745098
39.5,2.868729909357919e+27,-1.165028873078455e+29,0.012297174893319607,0.0,0.0,0.041666666666666664,0.0375,0.0392156862745098
40.0,6.411900525953746e+27,-2.6193353720087374e+29,0.012225460261106491,0.0,0.0,0.041666666666666664,0.0375,0.0392156862745098
40.5,1.4336511984998643e+28,-5.889174082507538e+29,0.012158216908574104,0.0,0.0,0.041666666666666664,0.0375,0.0392156862745098
41.0,3.206644568909017e+28,-1.324115596253515e+30,0.012095415033400059,0.0,0.0,0.041666666666666664,0.0375,0.0392156862745098
41.5,7.174648896125506e+28,-2.9771805124870804e+30,0.012036597356200218,0.0,0.0,0.041666666666666664,0.0375,0.0392156862745098
42.0,1.6057715870545136e+29,-6.694091853663976e+30,0.011981485411524773,0.0,0.0,0.041666666666666664,0.0375,0.0392156862745098
42.5,3.5949543755891256e+29,-1.5051675306524238e+31,0.011929947882890701,0.0,0.0,0.041666666666666664,0.0375,0.0392156862745098
43.0,8.050481840292288e+29,-3.38442023122312e+31,0.01188164297491312,0.0,0.0,0.041666666666666664,0.0375,0.0392156862745098
43.5,1.8032762160565948e+30,-7.610086968275571e+31,0.011836436577141285,0.0,0.0,0.041666666666666664,0.0375,0.0392156862745098
44.0,4.0402524542797536e+30,-1.711198713460247e+32,0.011794104240834713,0.0,0.0,0.041666666666666664,0.0375,0.0392156862745098
44.5,9.054284380389624e+30,-3.847834864234029e+32,0.011754496023058891,0.0,0.0,0.041666666666666664,0.0375,0.0392156862745098
45.0,2.029521454593303e+31,-8.652413235254813e+32,0.01171736977994442,0.0,0.0,0.041666666666666664,0.0375,0.0392156862745098
45.5,4.550105675692101e+31,-1.9456400302138697e+33,0.011682643555104733,0.0,0.0,0.041666666666666664,0.0375,0.0392156862745098
46.0,1.0203098902368137e+32,-4.3751406852128035e+33,0.011650067754089832,0.0,0.0,0.041666666666666664,0.0375,0.0392156862745098
46.5,2.2883433814506315e+32,-9.83842385628724e+33,0.01161952968686819,0.0,0.0,0.041666666666666664,0.0375,0.0392156862745098
47.0,5.133146226547713e+32,-2.212395187493205e+34,0.011590959504246712,0.0,0.0,0.041666666666666664,0.0375,0.0392156862745098
47.5,1.1516355793928033e+33,-4.975118104978773e+34,0.011564159765839577,0.0,0.0,0.041666666666666664,0.0375,0.0392156862745098
48.0,2.5841134856904912e+33,-1.1187868249761153e+35,0.011539204977452755,0.0,0.0,0.041666666666666664,0.0375,0.0392156862745098
48.5,5.799229768205526e+33,-2.5159053539913418e+35,0.011515739373862743,0.0,0.0,0.041666666666666664,0.0375,0.0392156862745098
49.0,1.301625121842393e+34,-5.6577559750531295e+35,0.011493682861328125,0.0,0.0,0.041666666666666664,0.0375,0.0392156862745098
49.5,2.9218346079708945e+34,-1.2723215757774204e+36,0.011473117396235466,0.0,0.0,0.041666666666666664,0.0375,0.0392156862745098
50.0,6.559586776645059e+34,-2.8612255786305386e+36,0.011453906074166298,0.0,0.0,0.041666666666666664,0.0375,0.0392156862745098
50.5,1.4728047965242906e+35,-6.434422680102162e+36,0.011435819789767265,0.0,0.0,0.041666666666666664,0.0375,0.0392156862745098
51.0,3.307188308145493e+35,-1.4470031312810403e+37,0.011418924666941166,0.0,0.0,0.041666666666666664,0.0375,0.0392156862745098
51.5,7.427032555705797e+35,-3.254103965617113e+37,0.011403156444430351,0.0,0.0,0.041666666666666664,0.0375,0.0392156862745098
52.0,1.6680591170015445e+36,-7.318050573671951e+37,0.011388304643332958,0.0,0.0,0.041666666666666664,0.0375,0.0392156862745098
52.5,3.746663043432154e+36,-1.6457400682523011e+38,0.01137437392026186,0.0,0.0,0.041666666666666664,0.0375,0.0392156862745098
53.0,8.416146567866654e+36,-inf,0.0,0.0,0.0,0.041666666666666664,0.0375,0.0392156862745098
53.5,1.8906674042645581e+37,-inf,0.0,0.0,0.0,0.041666666666666664,0.0375,0.0392156862745098
54.0,4.2476416030037907e+37,-inf,0.0,0.0,0.0,0.041666666666666664,0.0375,0.0392156862745098
54.5,9.543556221601274e+37,-inf,0.0,,,0.041666666666666664,0.0375,0.0392156862745098
55.0,2.144368707847259e+38,-inf,0.0,,,0.041666666666666664,0.0375,0.0392156862745098
55.5,inf,-inf,,,,0.041666666666666664,0.0375,0.0392156862745098
56.0,inf,-inf,,,,0.041666666666666664,0.0375,0.0392156862745098
56.5,,-inf,,,,0.041666666666666664,0.0375,0.0392156862745098
57.0,,-inf,,,,0.041666666666666664,0.0375,0.0392156862745098
57.5,,-inf,,,,0.041666666666666664,0.0375,0.0392156862745098
58.0,,-inf,,,,0.041666666666666664,0.0375,0.0392156862745098
58.5,,-inf,,,,0.041666666666666664,0.0375,0.0392156862745098
59.0,,-inf,,,,0.041666666666666664,0.0375,0.0392156862745098
59.5,,-inf,,,,0.041666666666666664,0.0375,0.0392156862745098
60.0,,-inf,,,,0.041666666666666664,0.0375,0.0392156862745098
60.5,,-inf,,,,0.041666666666666664,0.0375,0.0392156862745098
61.0,,-inf,,,,0.041666666666666664,0.0375,0.0392156862745098
61.5,,-inf,,,,0.041666666666666664,0.0375,0.0392156862745098
62.0,,-inf,,,,0.041666666666666664,0.0375,0.0392156862745098
62.5,,-inf,,,,0.041666666666666664,0.0375,0.0392156862745098
63.0,,-inf,,,,0.041666666666666664,0.0375,0.0392156862745098
63.5,,-inf,,,,0.041666666666666664,0.0375,0.0392156862745098
64.0,,-inf,,,,0.041666666666666664,0.0375,0.0392156862745098
