time,DE,WDE,RQ,CH,CL,train_acc,val_acc,test_acc
0.0,17091.32421875,2022.7689208984375,0.4831054210662842,0.0,0.0,0.22876602564102563,0.22355769230769232,0.21613832853025935
0.5,17776.630859375,-219.39947509765625,0.5455661416053772,0.0,0.0,0.22435897435897437,0.21995192307692307,0.21517771373679154
1.0,19595.890625,-1958.6695556640625,0.5780565142631531,0.0,0.0,0.22395833333333334,0.21814903846153846,0.21613832853025935
1.5,22836.474609375,-3949.23291015625,0.589430570602417,0.0,0.0,0.22435897435897437,0.21875,0.21421709894332372
2.0,28140.90234375,-6822.9189453125,0.5872158408164978,0.0,0.0,0.2267628205128205,0.22536057692307693,0.21998078770413065
2.5,36675.11328125,-11458.517578125,0.5767278671264648,0.0,0.0,0.2375801282051282,0.23197115384615385,0.23439000960614795
3.0,50484.55859375,-19369.857421875,0.5614386796951294,0.0,0.0,0.25560897435897434,0.2439903846153846,0.24495677233429394
3.5,73165.5703125,-33362.25,0.5434128642082214,0.0,0.0,0.2744391025641026,0.2512019230769231,0.2564841498559078
4.0,111118.21875,-58803.421875,0.5237467885017395,0.0,0.0,0.2932692307692308,0.2668269230769231,0.27185398655139287
4.5,175904.671875,-106178.875,0.5029599666595459,0.0,0.0,0.31490384615384615,0.27584134615384615,0.2824207492795389
5.0,288744.78125,-196319.046875,0.4813448488712311,0.0,0.0,0.3317307692307692,0.28665865384615385,0.30739673390970224
5.5,489201.34375,-371222.46875,0.45916852355003357,0.0,0.0,0.35536858974358976,0.3125,0.33045148895292986
6.0,852181.1875,-716700.125,0.4367643892765045,0.0,0.0,0.3737980769230769,0.32872596153846156,0.34966378482228627
6.5,1521641.25,-1410190.75,0.4145217537879944,0.0,0.0,0.37900641025641024,0.3311298076923077,0.3467819404418828
7.0,2778233.5,-2822573.75,0.39284902811050415,0.0,0.0,0.38261217948717946,0.3269230769230769,0.34966378482228627
7.5,5176667.0,-5736598.0,0.3721262514591217,0.0,0.0,0.38221153846153844,0.32632211538461536,0.3448607108549472
8.0,9827781.0,-11818741.0,0.3526531755924225,0.0,0.0,0.375,0.3173076923076923,0.34390009606147937
8.5,18984104.0,-24644920.0,0.3346485495567322,0.0,0.0,0.3557692307692308,0.31189903846153844,0.3390970220941403
9.0,37268224.0,-51943096.0,0.318244606256485,0.0,0.0,0.3485576923076923,0.2998798076923077,0.3285302593659942
9.5,74276176.0,-110522464.0,0.3035025894641876,0.0,0.0,0.33774038461538464,0.28846153846153844,0.3208453410182517
10.0,150150784.0,-237161248.0,0.290436714887619,0.0,0.0,0.3269230769230769,0.28846153846153844,0.3112391930835735
10.5,307633376.0,-512766976.0,0.2790219187736511,0.0,0.0,0.31530448717948717,0.2764423076923077,0.29971181556195964
11.0,638386112.0,-1116221184.0,0.2692243456840515,0.0,0.0,0.3036858974358974,0.2668269230769231,0.287223823246878
11.5,1341066496.0,-2444872960.0,0.2610039710998535,0.0,0.0,0.2932692307692308,0.25540865384615385,0.27953890489913547
12.0,2850768896.0,-5385238016.0,0.254330039024353,0.0,0.0,0.28565705128205127,0.25540865384615385,0.2737752161383285
12.5,6130534400.0,-11923442688.0,0.24918825924396515,0.0,0.0,0.2800480769230769,0.25240384615384615,0.2689721421709894
13.0,13334749184.0,-26526861312.0,0.2455800622701645,0.0,0.0,0.2720352564102564,0.2530048076923077,0.26032660902977905
13.5,29334841344.0,-59282472960.0,0.24352671205997467,0.0,0.0,0.2720352564102564,0.2512019230769231,0.2584053794428434
14.0,65265369088.0,-133050712064.0,0.24307070672512054,0.0,0.0,0.27323717948717946,0.25600961538461536,0.2612872238232469
14.5,146852757504.0,-299830214656.0,0.2442747950553894,0.0,0.0,0.27163461538461536,0.25180288461538464,0.2622478386167147
15.0,334179794944.0,-678324600832.0,0.24721930921077728,0.0,0.0,0.2764423076923077,0.2590144230769231,0.2680115273775216
15.5,769059848192.0,-1540486856704.0,0.25200343132019043,0.0,0.0,0.2796474358974359,0.2608173076923077,0.2632084534101825
16.0,1789687889920.0,-3511615488000.0,0.2587386667728424,0.0,0.0,0.29286858974358976,0.27283653846153844,0.2747358309317964
16.5,4210656542720.0,-8034684239872.0,0.2675512731075287,0.0,0.0,0.29126602564102566,0.2734375,0.2728146013448607
17.0,10012733734912.0,-18451877855232.0,0.27857744693756104,0.0,0.0,0.2800480769230769,0.2668269230769231,0.2680115273775216
17.5,24055568662528.0,-42533459591168.0,0.2919541299343109,0.0,0.0,0.265224358974359,0.25600961538461536,0.26032660902977905
18.0,58361424904192.0,-98414150811648.0,0.3078227937221527,0.0,0.0,0.25721153846153844,0.2512019230769231,0.25456292026897215
18.5,142900407042048.0,-228585189146624.0,0.3263177275657654,0.0,0.0,0.25240384615384615,0.25060096153846156,0.24495677233429394
19.0,352906691739648.0,-533011279904768.0,0.3475627601146698,0.0,0.0,0.2548076923076923,0.25,0.2478386167146974
19.5,878431004786688.0,-1247849597632512.0,0.37166669964790344,0.0,0.0,0.2536057692307692,0.24939903846153846,0.2420749279538905
20.0,2202268640215040.0,-2933385085321216.0,0.39870819449424744,0.0,0.0,0.2516025641025641,0.24519230769230768,0.23919308357348704
20.5,5557016055513088.0,-6924727989829632.0,0.4287376403808594,0.0,0.0,0.2512019230769231,0.23978365384615385,0.23439000960614795
21.0,1.4103399142260736e+16,-1.6417577987211264e+16,0.4617663025856018,0.0,0.0,0.24759615384615385,0.2361778846153846,0.228626320845341
21.5,3.597769335059251e+16,-3.909599207882752e+16,0.4977540969848633,0.0,0.0,0.24118589743589744,0.23076923076923078,0.228626320845341
22.0,9.219461692470067e+16,-9.35217274594263e+16,0.5366151332855225,0.0,0.0,0.24078525641025642,0.23377403846153846,0.22670509125840538
22.5,2.371906512533586e+17,-2.247422211218473e+17,0.5782057046890259,0.0,0.0,0.23717948717948717,0.23076923076923078,0.22382324687800192
23.0,6.123350679386849e+17,-5.425946946562949e+17,0.6223223805427551,0.0,0.0,0.23918269230769232,0.23016826923076922,0.21902017291066284
23.5,1.585561875389612e+18,-1.316142493921706e+18,0.6687073707580566,0.0,0.0,0.23637820512820512,0.22776442307692307,0.21902017291066284
24.0,4.116280713567797e+18,-3.207554144420233e+18,0.7170454263687134,0.0,0.0,0.23397435897435898,0.22536057692307693,0.21902017291066284
24.5,1.0710278994491605e+19,-7.85387972692489e+18,0.7669816613197327,0.0,0.0,0.2359775641025641,0.22355769230769232,0.21421709894332372
25.0,2.7921334726301843e+19,-1.9320444600442683e+19,0.8181169033050537,0.0,0.0,0.23717948717948717,0.22115384615384615,0.21709894332372717
25.5,7.29112460696402e+19,-4.7746710250591355e+19,0.8700280785560608,0.0,0.0,0.2311698717948718,0.21454326923076922,0.2084534101825168
26.0,1.906666808085431e+20,-1.1852828586011315e+20,0.9222789406776428,0.0,0.0,0.22796474358974358,0.2109375,0.20941402497598463
26.5,4.992176503226714e+20,-2.9552902229781905e+20,0.9744377136230469,0.0,0.0,0.22756410256410256,0.21033653846153846,0.20653218059558118
27.0,1.308473865411387e+21,-7.399713958619922e+20,1.0260776281356812,0.0,0.0,0.22756410256410256,0.20793269230769232,0.20653218059558118
27.5,3.4327007754020643e+21,-1.8603476377616463e+21,1.0768088102340698,0.0,0.0,0.22756410256410256,0.20793269230769232,0.20941402497598463
28.0,9.012548405198401e+21,-4.695242991163853e+21,1.1262645721435547,0.0,0.0,0.2267628205128205,0.20853365384615385,0.21037463976945245
28.5,2.3678427142038154e+22,-1.189381746470113e+22,1.1741418838500977,0.0,0.0,0.22435897435897437,0.20853365384615385,0.20941402497598463
29.0,6.2245997846543045e+22,-3.023388702583697e+22,1.2201565504074097,0.0,0.0,0.22395833333333334,0.2091346153846154,0.20557156580211336
29.5,1.6371521394214246e+23,-7.710525552188255e+22,1.2641156911849976,0.0,0.0,0.22556089743589744,0.20793269230769232,0.207492795389049
30.0,4.3078054534265786e+23,-1.9724132461937962e+23,1.3058472871780396,0.0,0.0,0.22355769230769232,0.20853365384615385,0.207492795389049
30.5,1.1339331035987543e+24,-5.059913076380915e+23,1.3452463150024414,0.0,0.0,0.22075320512820512,0.20612980769230768,0.20461095100864554
31.0,2.9858061366716925e+24,-1.3014518055845948e+24,1.382243037223816,0.0,0.0,0.22115384615384615,0.20673076923076922,0.20461095100864554
31.5,7.864300096773692e+24,-3.355556710110393e+24,1.4168343544006348,0.0,0.0,0.21995192307692307,0.20853365384615385,0.2026897214217099
32.0,2.07189148574597e+25,-8.670958921294442e+24,1.4490227699279785,0.0,0.0,0.2203525641025641,0.2091346153846154,0.2026897214217099
32.5,5.459702212577093e+25,-2.245198876902772e+25,1.4788669347763062,0.0,0.0,0.21955128205128205,0.21033653846153846,0.19980787704130643
33.0,1.4389783009043535e+26,-5.824395265251535e+25,1.5064336061477661,0.0,0.0,0.21915064102564102,0.21213942307692307,0.1988472622478386
33.5,3.793261537718405e+26,-1.5135034236633012e+26,1.5318158864974976,0.0,0.0,0.21794871794871795,0.21213942307692307,0.1988472622478386
34.0,1.0000829988324864e+27,-3.938995243119288e+26,1.5551259517669678,0.0,0.0,0.21875,0.21454326923076922,0.20365033621517772
34.5,2.637039098940032e+27,-1.0265849195343509e+27,1.5764713287353516,0.0,0.0,0.21955128205128205,0.21394230769230768,0.20461095100864554
35.0,6.954211189888393e+27,-2.678886644675887e+27,1.5959792137145996,0.0,0.0,0.22075320512820512,0.21454326923076922,0.2026897214217099
35.5,1.8341064595372653e+28,-6.998600844531557e+27,1.6137784719467163,0.0,0.0,0.22115384615384615,0.21574519230769232,0.2017291066282421
36.0,4.837730118152964e+28,-1.8302795717987098e+28,1.6299817562103271,0.0,0.0,0.2203525641025641,0.21634615384615385,0.2017291066282421
36.5,1.2761300059270064e+29,-4.791031108240515e+28,1.6447176933288574,0.0,0.0,0.21995192307692307,0.21634615384615385,0.2017291066282421
37.0,3.366518019450657e+29,-1.2551800770517221e+29,1.6581076383590698,0.0,0.0,0.2203525641025641,0.21814903846153846,0.2017291066282421
37.5,8.881705988399267e+29,-3.290883086703742e+29,1.6702511310577393,0.0,0.0,0.22155448717948717,0.21935096153846154,0.2026897214217099
38.0,2.343357630224605e+30,-8.634066601194858e+29,1.6812620162963867,0.0,0.0,0.22075320512820512,0.21634615384615385,0.20365033621517772
38.5,6.183083140953241e+30,-2.2666546115160606e+30,1.6912418603897095,0.0,0.0,0.21995192307692307,0.21634615384615385,0.20461095100864554
39.0,1.6315248199962908e+31,-5.953818821744064e+30,1.7002712488174438,0.0,0.0,0.22075320512820512,0.2169471153846154,0.20461095100864554
39.5,4.305291910805877e+31,-1.5646679580718888e+31,1.7084510326385498,0.0,0.0,0.22115384615384615,0.21814903846153846,0.20461095100864554
40.0,1.1361356223031078e+32,-4.11380241311187e+31,1.7158666849136353,0.0,0.0,0.22115384615384615,0.21754807692307693,0.20461095100864554
40.5,2.998298899130699e+32,-1.0820318397424025e+32,1.7225611209869385,0.0,0.0,0.22075320512820512,0.2169471153846154,0.20365033621517772
41.0,7.912898030574184e+32,-2.847046031133893e+32,1.7286205291748047,0.0,0.0,0.22075320512820512,0.2169471153846154,0.20365033621517772
41.5,2.0883872056288767e+33,-7.493612381543373e+32,1.7341145277023315,0.0,0.0,0.22075320512820512,0.21574519230769232,0.20365033621517772
42.0,5.5118853159868e+33,-1.9729499159355346e+33,1.7390856742858887,0.0,0.0,0.22075320512820512,0.21514423076923078,0.20365033621517772
42.5,1.4547963094612007e+34,-5.195849746447577e+33,1.7435879707336426,0.0,0.0,0.22075320512820512,0.21514423076923078,0.2026897214217099
43.0,3.8398671726561782e+34,-1.3686783916582936e+34,1.7476565837860107,0.0,0.0,0.22115384615384615,0.2169471153846154,0.2026897214217099
43.5,1.0135415203850105e+35,-3.6061228006704227e+34,1.75136137008667,0.0,0.0,0.22075320512820512,0.21754807692307693,0.2026897214217099
44.0,2.675331431729045e+35,-9.503088306359542e+34,1.7547118663787842,0.0,0.0,0.21995192307692307,0.21754807692307693,0.19980787704130643
44.5,7.06193412948919e+35,-2.5047597341592413e+35,1.7577451467514038,0.0,0.0,0.21995192307692307,0.21574519230769232,0.1988472622478386
45.0,1.8641434317092977e+36,-6.6029364657647384e+35,1.7605069875717163,0.0,0.0,0.21955128205128205,0.21574519230769232,0.1988472622478386
45.5,4.920894132676564e+36,-1.740890239218082e+36,1.7630184888839722,0.0,0.0,0.21875,0.21514423076923078,0.1978866474543708
46.0,1.299024572288698e+37,-4.590532343576385e+36,1.7652932405471802,0.0,0.0,0.21875,0.21514423076923078,0.1978866474543708
46.5,3.429248150207286e+37,-1.210617098248061e+37,1.7673749923706055,0.0,0.0,0.21915064102564102,0.21514423076923078,0.1978866474543708
47.0,9.052915606204618e+37,-3.1929928119511904e+37,1.7692612409591675,0.0,0.0,0.21794871794871795,0.21514423076923078,0.1978866474543708
47.5,2.3899314917523983e+38,-8.422329406904207e+37,1.7709823846817017,0.0,0.0,0.21834935897435898,0.21514423076923078,0.1978866474543708
48.0,inf,-inf,,0.0,0.0,0.21834935897435898,0.21514423076923078,0.1978866474543708
48.5,inf,-inf,,0.0,0.0,0.21754807692307693,0.21454326923076922,0.1978866474543708
49.0,inf,-inf,,0.0,0.0,0.21754807692307693,0.21454326923076922,0.1978866474543708
49.5,inf,-inf,,0.0,0.0,0.21754807692307693,0.21454326923076922,0.1978866474543708
50.0,inf,-inf,,,,0.21794871794871795,0.21454326923076922,0.1978866474543708
50.5,inf,-inf,,,,0.21754807692307693,0.21454326923076922,0.1978866474543708
51.0,inf,-inf,,,,0.2171474358974359,0.21574519230769232,0.1978866474543708
51.5,inf,-inf,,,,0.2171474358974359,0.21574519230769232,0.1978866474543708
52.0,inf,,,,,0.21794871794871795,0.21574519230769232,0.1988472622478386
52.5,inf,,,,,0.2171474358974359,0.21394230769230768,0.1978866474543708
53.0,inf,,,,,0.2171474358974359,0.21394230769230768,0.1988472622478386
53.5,inf,,,,,0.21594551282051283,0.21454326923076922,0.1988472622478386
54.0,inf,,,,,0.2155448717948718,0.21454326923076922,0.1988472622478386
54.5,inf,,,,,0.2155448717948718,0.21454326923076922,0.19980787704130643
55.0,inf,,,,,0.21514423076923078,0.21454326923076922,0.20076849183477424
55.5,inf,,,,,0.2155448717948718,0.21454326923076922,0.2017291066282421
56.0,,,,,,0.2155448717948718,0.21454326923076922,0.2017291066282421
56.5,,,,,,0.2155448717948718,0.21394230769230768,0.2017291066282421
57.0,,,,,,0.2155448717948718,0.21394230769230768,0.2017291066282421
57.5,,,,,,0.2155448717948718,0.21454326923076922,0.20461095100864554
58.0,,,,,,0.21634615384615385,0.21454326923076922,0.20461095100864554
58.5,,,,,,0.21674679487179488,0.21454326923076922,0.20461095100864554
59.0,,,,,,0.21674679487179488,0.21454326923076922,0.20365033621517772
59.5,,,,,,0.2171474358974359,0.21394230769230768,0.20365033621517772
60.0,,,,,,0.21794871794871795,0.21394230769230768,0.20365033621517772
60.5,,,,,,0.21834935897435898,0.21454326923076922,0.20365033621517772
61.0,,,,,,0.21834935897435898,0.21454326923076922,0.2026897214217099
61.5,,,,,,0.21834935897435898,0.21454326923076922,0.20365033621517772
62.0,,,,,,0.21834935897435898,0.21454326923076922,0.20365033621517772
62.5,,,,,,0.21794871794871795,0.21394230769230768,0.20365033621517772
63.0,,,,,,0.21875,0.21514423076923078,0.20365033621517772
63.5,,,,,,0.21834935897435898,0.21514423076923078,0.20365033621517772
64.0,,,,,,0.21915064102564102,0.21454326923076922,0.20365033621517772
