time,DE,WDE,RQ,CH,CL,train_acc,val_acc,test_acc
0.0,894.3147583007812,107.95158386230469,0.6332061886787415,0.0,0.0,0.30290570175438597,0.27055921052631576,0.2730263157894737
0.5,888.014892578125,6.321168899536133,0.7071989178657532,0.0,0.0,0.31524122807017546,0.2816611842105263,0.27828947368421053
1.0,920.049560546875,-57.85517883300781,0.7205328345298767,0.0,0.0,0.32538377192982454,0.2878289473684211,0.28618421052631576
1.5,990.9825439453125,-120.49423217773438,0.6965367794036865,0.0,0.0,0.33771929824561403,0.2944078947368421,0.29078947368421054
2.0,1108.856201171875,-202.15643310546875,0.651902437210083,0.0,0.0,0.3481359649122807,0.2993421052631579,0.29539473684210527
2.5,1290.1888427734375,-324.413330078125,0.5974028706550598,0.0,0.0,0.3626644736842105,0.30304276315789475,0.29736842105263156
3.0,1563.6539306640625,-519.67724609375,0.5402648448944092,0.0,0.0,0.37033991228070173,0.3026315789473684,0.2993421052631579
3.5,1977.344970703125,-843.272216796875,0.48529890179634094,0.0,0.0,0.37609649122807015,0.3034539473684211,0.3026315789473684
4.0,2611.95703125,-1394.048095703125,0.43538331985473633,0.0,0.0,0.38459429824561403,0.3034539473684211,0.3
4.5,3604.432861328125,-2352.86279296875,0.3918086290359497,0.0,0.0,0.390625,0.3104440789473684,0.3013157894736842
5.0,5190.6396484375,-4056.47119140625,0.35471147298812866,0.0,0.0,0.4037828947368421,0.30838815789473684,0.3078947368421053
5.5,7783.16259765625,-7141.5693359375,0.3235153555870056,0.0,0.0,0.4095394736842105,0.3071546052631579,0.2980263157894737
6.0,12114.615234375,-12828.986328125,0.2973095178604126,0.0,0.0,0.4174890350877193,0.3092105263157895,0.2914473684210526
6.5,19504.33203125,-23490.390625,0.27511560916900635,0.0,0.0,0.42077850877192985,0.30838815789473684,0.2868421052631579
7.0,32359.400390625,-43789.6015625,0.2560342848300934,0.0,0.0,0.42680921052631576,0.30633223684210525,0.28289473684210525
7.5,55124.1640625,-83002.203125,0.23931647837162018,0.0,0.0,0.43256578947368424,0.2989309210526316,0.28421052631578947
8.0,96094.09375,-159770.09375,0.2243705838918686,0.0,0.0,0.42105263157894735,0.2833059210526316,0.27828947368421053
8.5,170906.46875,-311924.03125,0.21076098084449768,0.0,0.0,0.41584429824561403,0.2635690789473684,0.27171052631578946
9.0,309303.90625,-616923.375,0.19817067682743073,0.0,0.0,0.3972039473684211,0.25493421052631576,0.2611842105263158
9.5,568320.1875,-1234675.5,0.1863842010498047,0.0,0.0,0.3802083333333333,0.23848684210526316,0.24539473684210528
10.0,1058137.875,-2497790.75,0.1752569079399109,0.0,0.0,0.3549890350877193,0.22409539473684212,0.2236842105263158
10.5,1993064.25,-5102901.0,0.1647004783153534,0.0,0.0,0.3385416666666667,0.203125,0.21710526315789475
11.0,3792531.0,-10518318.0,0.15465763211250305,0.0,0.0,0.31359649122807015,0.19325657894736842,0.20921052631578949
11.5,7282143.5,-21856800.0,0.14509956538677216,0.0,0.0,0.2987938596491228,0.18914473684210525,0.2026315789473684
12.0,14095639.0,-45752208.0,0.1360095739364624,0.0,0.0,0.2902960526315789,0.17886513157894737,0.19539473684210526
12.5,27481858.0,-96410864.0,0.12737937271595,0.0,0.0,0.27247807017543857,0.17393092105263158,0.19078947368421054
13.0,53931188.0,-204389440.0,0.11920416355133057,0.0,0.0,0.26535087719298245,0.16735197368421054,0.18552631578947368
13.5,106465808.0,-435676736.0,0.11148116737604141,0.0,0.0,0.25219298245614036,0.1611842105263158,0.175
14.0,211319616.0,-933299968.0,0.10420463234186172,0.0,0.0,0.23793859649122806,0.15583881578947367,0.16776315789473684
14.5,421546080.0,-2008294144.0,0.09736654162406921,0.0,0.0,0.23081140350877194,0.15172697368421054,0.16710526315789473
15.0,844829632.0,-4339102208.0,0.09095804393291473,0.0,0.0,0.22012061403508773,0.14679276315789475,0.1618421052631579
15.5,1700507264.0,-9409642496.0,0.08496693521738052,0.0,0.0,0.21546052631578946,0.14391447368421054,0.15855263157894736
16.0,3436834304.0,-20473741312.0,0.07937837392091751,0.0,0.0,0.20915570175438597,0.140625,0.15460526315789475
16.5,6972858368.0,-44682379264.0,0.07417666912078857,0.0,0.0,0.19956140350877194,0.13815789473684212,0.15263157894736842
17.0,14198747136.0,-97783971840.0,0.06934357434511185,0.0,0.0,0.19188596491228072,0.13815789473684212,0.15
17.5,29013626880.0,-214526197760.0,0.06486023217439651,0.0,0.0,0.18695175438596492,0.1356907894736842,0.14868421052631578
18.0,59484270592.0,-471708729344.0,0.0607069656252861,0.0,0.0,0.18338815789473684,0.13445723684210525,0.14736842105263157
18.5,122346971136.0,-1039340142592.0,0.05686454474925995,0.0,0.0,0.18009868421052633,0.13322368421052633,0.14802631578947367
19.0,252420587520.0,-2294298181632.0,0.05331358686089516,0.0,0.0,0.17489035087719298,0.13199013157894737,0.1493421052631579
19.5,522337845248.0,-5073133371392.0,0.05003402754664421,0.0,0.0,0.17105263157894737,0.12952302631578946,0.14605263157894738
20.0,1084007972864.0,-11234927706112.0,0.047007083892822266,0.0,0.0,0.1680372807017544,0.12746710526315788,0.14605263157894738
20.5,2255954378752.0,-24915600211968.0,0.04421493411064148,0.0,0.0,0.16584429824561403,0.12705592105263158,0.14605263157894738
21.0,4707721412608.0,-55325461839872.0,0.04163993522524834,0.0,0.0,0.16474780701754385,0.12623355263157895,0.14539473684210527
21.5,9850120568832.0,-122993485283328.0,0.039265748113393784,0.0,0.0,0.16200657894736842,0.12582236842105263,0.14473684210526316
22.0,20662966026240.0,-273714625118208.0,0.03707703948020935,0.0,0.0,0.16036184210526316,0.12664473684210525,0.14210526315789473
22.5,43454532943872.0,-609722952581120.0,0.0350591316819191,0.0,0.0,0.15652412280701755,0.125,0.14144736842105263
23.0,91609655934976.0,-1359406809743360.0,0.03319861367344856,0.0,0.0,0.15515350877192982,0.12541118421052633,0.14276315789473684
23.5,193590584147968.0,-3033301862318080.0,0.03148239478468895,0.0,0.0,0.15296052631578946,0.12458881578947369,0.14342105263157895
24.0,410050963177472.0,-6773320192098304.0,0.02989909239113331,0.0,0.0,0.15186403508771928,0.12376644736842106,0.14473684210526316
24.5,870514708971520.0,-1.5134925732708352e+16,0.02843766286969185,0.0,0.0,0.15158991228070176,0.12376644736842106,0.14078947368421052
25.0,1852138074406912.0,-3.3839763857342464e+16,0.027088332921266556,0.0,0.0,0.1513157894736842,0.12335526315789473,0.1401315789473684
25.5,3949156125114368.0,-7.570432191994266e+16,0.025841647759079933,0.0,0.0,0.14967105263157895,0.12376644736842106,0.1401315789473684
26.0,8438073138348032.0,-1.6944948216804147e+17,0.024689266458153725,0.0,0.0,0.14884868421052633,0.1225328947368421,0.1394736842105263
26.5,1.8066129243078656e+16,-3.7946170063139635e+17,0.023623069748282433,0.0,0.0,0.14692982456140352,0.12006578947368421,0.1361842105263158
27.0,3.875648779898061e+16,-8.501336632228577e+17,0.022636301815509796,0.0,0.0,0.14610745614035087,0.12006578947368421,0.13421052631578947
27.5,8.330199021754778e+16,-1.9053868556044206e+18,0.02172231301665306,0.0,0.0,0.1455592105263158,0.12047697368421052,0.13289473684210526
28.0,1.793797214343004e+17,-4.2721067999910953e+18,0.02087506465613842,0.0,0.0,0.14418859649122806,0.12047697368421052,0.13026315789473683
28.5,3.86965626972799e+17,-9.581901887951602e+18,0.02008899860084057,0.0,0.0,0.14309210526315788,0.12006578947368421,0.13092105263157894
29.0,8.362335685050368e+17,-2.149812633529955e+19,0.01935938000679016,0.0,0.0,0.14144736842105263,0.11883223684210527,0.13092105263157894
29.5,1.8101457840169288e+18,-4.82479248251363e+19,0.018681274726986885,0.0,0.0,0.14089912280701755,0.11842105263157894,0.13026315789473683
30.0,3.9246888882824806e+18,-1.0831197565853945e+20,0.01805058680474758,0.0,0.0,0.13980263157894737,0.11677631578947369,0.12960526315789472
30.5,8.522713749612659e+18,-2.432122535390279e+20,0.017463311553001404,0.0,0.0,0.13898026315789475,0.11759868421052631,0.12960526315789472
31.0,1.8535617598582686e+19,-5.462581354586492e+20,0.016916481778025627,0.0,0.0,0.1387061403508772,0.11677631578947369,0.12894736842105264
31.5,4.0370900378446725e+19,-1.2271754478880482e+21,0.0164065919816494,0.0,0.0,0.1387061403508772,0.11677631578947369,0.12828947368421054
32.0,8.805176747472034e+19,-2.7574344249738527e+21,0.015930527821183205,0.0,0.0,0.13815789473684212,0.11636513157894737,0.12828947368421054
32.5,1.9230586792760364e+20,-6.197087069350717e+21,0.01548598613590002,0.0,0.0,0.13706140350877194,0.11595394736842106,0.12828947368421054
33.0,4.205415240511133e+20,-1.3929911744733934e+22,0.015070122666656971,0.0,0.0,0.1367872807017544,0.11595394736842106,0.12828947368421054
33.5,9.207982392503121e+20,-3.131717612480523e+22,0.01468090619891882,0.0,0.0,0.13623903508771928,0.11513157894736842,0.12828947368421054
34.0,2.018540515322709e+21,-7.041831079516284e+22,0.014316348358988762,0.0,0.0,0.1356907894736842,0.11513157894736842,0.12828947368421054
34.5,4.430029386807725e+21,-1.583628118858022e+23,0.013974444009363651,0.0,0.0,0.13459429824561403,0.11554276315789473,0.12828947368421054
35.0,9.73309619808001e+21,-3.5618991070151464e+23,0.013653703033924103,0.0,0.0,0.13432017543859648,0.11554276315789473,0.12828947368421054
35.5,2.1406737180598624e+22,-8.012483800724118e+23,0.013352260924875736,0.0,0.0,0.1337719298245614,0.11513157894736842,0.12763157894736843
36.0,4.712870192695372e+22,-1.802630530632081e+24,0.01306871511042118,0.0,0.0,0.13294956140350878,0.11513157894736842,0.12697368421052632
36.5,1.0385735788440368e+23,-4.0559928411864476e+24,0.012802028097212315,0.0,0.0,0.13240131578947367,0.11430921052631579,0.12697368421052632
37.0,2.290802067322187e+23,-9.127164196059848e+24,0.012550419196486473,0.0,0.0,0.13240131578947367,0.11430921052631579,0.12697368421052632
37.5,5.057303150324861e+23,-2.054093144726451e+25,0.012313412502408028,0.0,0.0,0.13130482456140352,0.11389802631578948,0.12697368421052632
38.0,1.1174145486839057e+24,-4.623252588130206e+25,0.012089750729501247,0.0,0.0,0.13075657894736842,0.11389802631578948,0.12697368421052632
38.5,2.47091773378255e+24,-1.0406777708380632e+26,0.011878405697643757,0.0,0.0,0.13048245614035087,0.11389802631578948,0.12631578947368421
39.0,5.468069770981079e+24,-2.342739448840165e+26,0.011678424663841724,0.0,0.0,0.12938596491228072,0.11307565789473684,0.1256578947368421
39.5,1.210953923833383e+25,-5.274349881526782e+26,0.011489260010421276,0.0,0.0,0.12856359649122806,0.11307565789473684,0.1256578947368421
40.0,2.683640398293798e+25,-1.1875429441801954e+27,0.011309944093227386,0.0,0.0,0.12856359649122806,0.11307565789473684,0.125
40.5,5.951293184746194e+25,-2.674014047909281e+27,0.011140027083456516,0.0,0.0,0.12774122807017543,0.11307565789473684,0.1256578947368421
41.0,1.3206088645972926e+26,-6.021581588453501e+27,0.010978901758790016,0.0,0.0,0.12774122807017543,0.11307565789473684,0.1256578947368421
41.5,2.9322564376640785e+26,-1.3560896346752684e+28,0.010825688019394875,0.0,0.0,0.12774122807017543,0.11266447368421052,0.125
42.0,6.514511941816305e+26,-3.054190758914267e+28,0.010680066421627998,0.0,0.0,0.12774122807017543,0.11266447368421052,0.125
42.5,1.4481145674156922e+27,-6.879113756894558e+28,0.01054150890558958,0.0,0.0,0.12801535087719298,0.11225328947368421,0.125
43.0,3.2207333361035913e+27,-1.5495172463532959e+29,0.01040959544479847,0.0,0.0,0.12774122807017543,0.11225328947368421,0.125
43.5,7.166820393088529e+27,-3.490493740041456e+29,0.010283887386322021,0.0,0.0,0.12746710526315788,0.1118421052631579,0.125
44.0,1.5955418314964945e+28,-7.863264565552217e+29,0.010163935832679272,0.0,0.0,0.12664473684210525,0.1118421052631579,0.125
44.5,3.553791395904544e+28,-1.7715104812204008e+30,0.010049459524452686,0.0,0.0,0.12664473684210525,0.11143092105263158,0.125
45.0,7.918956189063336e+28,-3.991245019404216e+30,0.009940198622643948,0.0,0.0,0.12637061403508773,0.11225328947368421,0.125
45.5,1.765336761512152e+29,-8.992826822960785e+30,0.009835567325353622,0.0,0.0,0.12637061403508773,0.11225328947368421,0.125
46.0,3.93697989058131e+29,-2.0263130863606276e+31,0.009735535830259323,0.0,0.0,0.12637061403508773,0.11225328947368421,0.125
46.5,8.783493610392412e+29,-4.566028679447409e+31,0.00963990855962038,0.0,0.0,0.12637061403508773,0.11225328947368421,0.1256578947368421
47.0,1.960348774368847e+30,-1.0289444252967637e+32,0.009547969326376915,0.0,0.0,0.12637061403508773,0.1118421052631579,0.1256578947368421
47.5,4.3767666275760425e+30,-2.3188133412363297e+32,0.009459958411753178,0.0,0.0,0.12609649122807018,0.1118421052631579,0.1256578947368421
48.0,9.775117885130133e+30,-5.2258837965969416e+32,0.00937560573220253,0.0,0.0,0.12609649122807018,0.1118421052631579,0.1256578947368421
48.5,2.1838962042696486e+31,-1.1778047033682668e+33,0.009294509887695312,0.0,0.0,0.12609649122807018,0.1118421052631579,0.1256578947368421
49.0,4.880656943275723e+31,-2.6546420245786775e+33,0.009216394275426865,0.0,0.0,0.12582236842105263,0.1118421052631579,0.1256578947368421
49.5,1.0910764424403658e+32,-5.983528091554137e+33,0.0091416509822011,0.0,0.0,0.125,0.1118421052631579,0.1256578947368421
50.0,2.4398248814984427e+32,-1.3487360441834336e+34,0.009069430641829967,0.0,0.0,0.12445175438596491,0.1118421052631579,0.125
50.5,5.457331774335572e+32,-3.040286900629916e+34,0.008999980986118317,0.0,0.0,0.12417763157894737,0.1118421052631579,0.125
51.0,1.2210113639906576e+33,-6.853615362311902e+34,0.008933170698583126,0.0,0.0,0.12362938596491228,0.11225328947368421,0.125
51.5,2.7325595180763484e+33,-1.5450484023017037e+35,0.008868732489645481,0.0,0.0,0.12362938596491228,0.11225328947368421,0.125
52.0,6.116819571464073e+33,-3.4832245701543116e+35,0.008806467056274414,0.0,0.0,0.12335526315789473,0.11225328947368421,0.125
52.5,1.369571689190642e+34,-7.85303367044712e+35,0.008746442385017872,0.0,0.0,0.12335526315789473,0.11225328947368421,0.125
53.0,3.067212344072381e+34,-1.7705570662152233e+36,0.008688488975167274,0.0,0.0,0.1230811403508772,0.11225328947368421,0.125
53.5,6.870663777356925e+34,-3.992072910645388e+36,0.00863239448517561,0.0,0.0,0.12280701754385964,0.11225328947368421,0.125
54.0,1.539376062006495e+35,-9.001253520112797e+36,0.00857832282781601,0.0,0.0,0.1225328947368421,0.1118421052631579,0.125
54.5,3.449688477384461e+35,-2.0296597149169425e+37,0.008525729179382324,0.0,0.0,0.1225328947368421,0.1118421052631579,0.125
55.0,7.732139417266604e+35,-4.576769334244647e+37,0.008475109003484249,0.0,0.0,0.12225877192982457,0.11143092105263158,0.12434210526315789
55.5,1.7334177558423867e+36,-1.0320722380986796e+38,0.008425990119576454,0.0,0.0,0.12171052631578948,0.11143092105263158,0.12368421052631579
56.0,3.8867397024079735e+36,-inf,0.0,0.0,0.0,0.12143640350877193,0.11101973684210527,0.12368421052631579
56.5,8.716576590994243e+36,-inf,0.0,0.0,0.0,0.12116228070175439,0.11101973684210527,0.12368421052631579
57.0,1.9551502549969677e+37,-inf,0.0,0.0,0.0,0.12116228070175439,0.11060855263157894,0.12368421052631579
57.5,4.386187193584655e+37,-inf,0.0,0.0,0.0,0.12116228070175439,0.11060855263157894,0.12434210526315789
58.0,9.841548425859565e+37,-inf,0.0,,,0.12116228070175439,0.11060855263157894,0.12434210526315789
58.5,2.2085479309079017e+38,-inf,0.0,,,0.12116228070175439,0.11060855263157894,0.12368421052631579
59.0,inf,-inf,,,,0.12088815789473684,0.11060855263157894,0.12302631578947368
59.5,inf,-inf,,,,0.12088815789473684,0.11060855263157894,0.12236842105263158
60.0,,-inf,,,,0.12088815789473684,0.11060855263157894,0.12236842105263158
60.5,,-inf,,,,0.12088815789473684,0.11060855263157894,0.12236842105263158
61.0,,-inf,,,,0.12088815789473684,0.11101973684210527,0.12236842105263158
61.5,,-inf,,,,0.12033991228070176,0.11060855263157894,0.12236842105263158
62.0,,-inf,,,,0.12006578947368421,0.11060855263157894,0.12171052631578948
62.5,,-inf,,,,0.12006578947368421,0.11060855263157894,0.12171052631578948
63.0,,-inf,,,,0.12006578947368421,0.11060855263157894,0.12171052631578948
63.5,,-inf,,,,0.12006578947368421,0.11060855263157894,0.12171052631578948
64.0,,-inf,,,,0.12006578947368421,0.11060855263157894,0.12171052631578948
