time,DE,WDE,RQ,CH,CL,train_acc,val_acc,test_acc
0.0,596.3606567382812,31.193696975708008,0.787037193775177,0.0,0.0,0.7931034482758621,0.6610169491525424,0.5945945945945946
0.5,677.6045532226562,-99.48016357421875,0.8761867880821228,0.0,0.0,0.9770114942528736,0.6101694915254238,0.5945945945945946
1.0,859.6766967773438,-208.37623596191406,0.8406590223312378,0.0,0.0,0.9770114942528736,0.6779661016949152,0.6486486486486487
1.5,1180.625244140625,-380.1419982910156,0.7799940705299377,0.0,0.0,0.9885057471264368,0.6440677966101694,0.5945945945945946
2.0,1719.506103515625,-685.6681518554688,0.7152519822120667,0.0,0.0,0.9885057471264368,0.6440677966101694,0.5945945945945946
2.5,2616.619140625,-1247.72802734375,0.6519962549209595,0.0,0.0,0.9770114942528736,0.6440677966101694,0.5945945945945946
3.0,4115.64892578125,-2301.4921875,0.5919625163078308,0.0,0.0,0.9540229885057471,0.6440677966101694,0.5675675675675675
3.5,6640.45703125,-4306.8759765625,0.5356635451316833,0.0,0.0,0.9310344827586207,0.6440677966101694,0.5405405405405406
4.0,10933.513671875,-8174.2001953125,0.4832114577293396,0.0,0.0,0.9080459770114943,0.6440677966101694,0.4864864864864865
4.5,18306.775390625,-15724.0068359375,0.4346381425857544,0.0,0.0,0.8850574712643678,0.6440677966101694,0.4864864864864865
5.0,31100.23046875,-30632.375,0.38993826508522034,0.0,0.0,0.8735632183908046,0.6440677966101694,0.4864864864864865
5.5,53527.84375,-60389.75,0.34908685088157654,0.0,0.0,0.8505747126436781,0.6101694915254238,0.4864864864864865
6.0,93253.0390625,-120390.234375,0.3120097815990448,0.0,0.0,0.8275862068965517,0.5932203389830508,0.4864864864864865
6.5,164350.796875,-242528.46875,0.2785950303077698,0.0,0.0,0.7586206896551724,0.5932203389830508,0.4864864864864865
7.0,292929.59375,-493392.53125,0.2486741691827774,0.0,0.0,0.7126436781609196,0.576271186440678,0.4594594594594595
7.5,527900.625,-1013003.75,0.22203636169433594,0.0,0.0,0.6896551724137931,0.576271186440678,0.43243243243243246
8.0,961795.1875,-2097790.5,0.19843925535678864,0.0,0.0,0.6436781609195402,0.5423728813559322,0.43243243243243246
8.5,1771359.625,-4379272.0,0.17762315273284912,0.0,0.0,0.5977011494252874,0.5423728813559322,0.43243243243243246
9.0,3297394.5,-9210811.0,0.15931594371795654,0.0,0.0,0.5632183908045977,0.5084745762711864,0.43243243243243246
9.5,6203064.0,-19508692.0,0.14325213432312012,0.0,0.0,0.5402298850574713,0.4915254237288136,0.40540540540540543
10.0,11790268.0,-41589240.0,0.1291775405406952,0.0,0.0,0.4827586206896552,0.423728813559322,0.2972972972972973
10.5,22636622.0,-89197904.0,0.11684966832399368,0.0,0.0,0.3563218390804598,0.3559322033898305,0.24324324324324326
11.0,43887148.0,-192378864.0,0.10605158656835556,0.0,0.0,0.3218390804597701,0.3389830508474576,0.24324324324324326
11.5,85891400.0,-417068352.0,0.09658452868461609,0.0,0.0,0.2988505747126437,0.3220338983050847,0.1891891891891892
12.0,169622288.0,-908515328.0,0.08827333152294159,0.0,0.0,0.28735632183908044,0.288135593220339,0.21621621621621623
12.5,337879040.0,-1987789824.0,0.08096404373645782,0.0,0.0,0.25287356321839083,0.3050847457627119,0.1891891891891892
13.0,678584960.0,-4366862336.0,0.07452191412448883,0.0,0.0,0.20689655172413793,0.3050847457627119,0.1891891891891892
13.5,1373504128.0,-9629126656.0,0.06883282214403152,0.0,0.0,0.19540229885057472,0.3050847457627119,0.1891891891891892
14.0,2800654336.0,-21305397248.0,0.06379567086696625,0.0,0.0,0.19540229885057472,0.288135593220339,0.1891891891891892
14.5,5750678016.0,-47288344576.0,0.0593251995742321,0.0,0.0,0.19540229885057472,0.2711864406779661,0.16216216216216217
15.0,11886182400.0,-105260589056.0,0.05534892529249191,0.0,0.0,0.19540229885057472,0.2711864406779661,0.16216216216216217
15.5,24721315840.0,-234919264256.0,0.05180372670292854,0.0,0.0,0.1839080459770115,0.2711864406779661,0.16216216216216217
16.0,51719929856.0,-525551108096.0,0.04863647744059563,0.0,0.0,0.1839080459770115,0.3050847457627119,0.1891891891891892
16.5,108808216576.0,-1178324959232.0,0.04580090194940567,0.0,0.0,0.1839080459770115,0.3050847457627119,0.1891891891891892
17.0,230118490112.0,-2647198793728.0,0.043257586658000946,0.0,0.0,0.1839080459770115,0.288135593220339,0.1891891891891892
17.5,489107881984.0,-5958045007872.0,0.04097253456711769,0.0,0.0,0.1724137931034483,0.2711864406779661,0.1891891891891892
18.0,1044491403264.0,-13432218714112.0,0.038916077464818954,0.0,0.0,0.16091954022988506,0.2711864406779661,0.16216216216216217
18.5,2240491028480.0,-30328827674624.0,0.03706248104572296,0.0,0.0,0.16091954022988506,0.2711864406779661,0.16216216216216217
19.0,4826319552512.0,-68575616303104.0,0.035389337688684464,0.0,0.0,0.16091954022988506,0.2711864406779661,0.16216216216216217
19.5,10438196592640.0,-155252229668864.0,0.033877063542604446,0.0,0.0,0.14942528735632185,0.3050847457627119,0.16216216216216217
20.0,22660903862272.0,-351894354526208.0,0.03250847011804581,0.0,0.0,0.14942528735632185,0.3050847457627119,0.16216216216216217
20.5,49372125462528.0,-798453546352640.0,0.031268611550331116,0.0,0.0,0.14942528735632185,0.3050847457627119,0.16216216216216217
21.0,107932763029504.0,-1813470618058752.0,0.030143752694129944,0.0,0.0,0.14942528735632185,0.3050847457627119,0.16216216216216217
21.5,236706116665344.0,-4122485435924480.0,0.02912234142422676,0.0,0.0,0.14942528735632185,0.3050847457627119,0.16216216216216217
22.0,520680059699200.0,-9379135906381824.0,0.02819368615746498,0.0,0.0,0.14942528735632185,0.3050847457627119,0.16216216216216217
22.5,1148581092261888.0,-2.135462893531955e+16,0.027348464354872704,0.0,0.0,0.14942528735632185,0.3050847457627119,0.16216216216216217
23.0,2540440406458368.0,-4.86541368533975e+16,0.02657836303114891,0.0,0.0,0.14942528735632185,0.3220338983050847,0.16216216216216217
23.5,5633041808490496.0,-1.1092299361760051e+17,0.02587583102285862,0.0,0.0,0.14942528735632185,0.3220338983050847,0.16216216216216217
24.0,1.25197759807488e+16,-2.5303184785067213e+17,0.025234436616301537,0.0,0.0,0.14942528735632185,0.3220338983050847,0.16216216216216217
24.5,2.7887282782470144e+16,-5.7751119822481e+17,0.024648096412420273,0.0,0.0,0.14942528735632185,0.3220338983050847,0.16216216216216217
25.0,6.22459989482537e+16,-1.3187385783138386e+18,0.024111881852149963,0.0,0.0,0.14942528735632185,0.3220338983050847,0.16216216216216217
25.5,1.3920475196633907e+17,-3.012681101559726e+18,0.023620357736945152,0.0,0.0,0.14942528735632185,0.3220338983050847,0.13513513513513514
26.0,3.1187406803697664e+17,-6.885391952028631e+18,0.023169783875346184,0.0,0.0,0.14942528735632185,0.3220338983050847,0.13513513513513514
26.5,6.998996242189517e+17,-1.5742405065241002e+19,0.02275634929537773,0.0,0.0,0.14942528735632185,0.3220338983050847,0.13513513513513514
27.0,1.5731643320306237e+18,-3.600540600859466e+19,0.022375965490937233,0.0,0.0,0.14942528735632185,0.3220338983050847,0.13513513513513514
27.5,3.5411855547060716e+18,-8.237717916767538e+19,0.022026408463716507,0.0,0.0,0.13793103448275862,0.288135593220339,0.10810810810810811
28.0,7.982076735409619e+18,-1.8852887836042566e+20,0.02170441672205925,0.0,0.0,0.13793103448275862,0.288135593220339,0.10810810810810811
28.5,1.801503842524935e+19,-4.315897335463553e+20,0.02140745148062706,0.0,0.0,0.13793103448275862,0.288135593220339,0.10810810810810811
29.0,4.070693312212763e+19,-9.882741243548323e+20,0.02113332599401474,0.0,0.0,0.13793103448275862,0.288135593220339,0.10810810810810811
29.5,9.208313125600756e+19,-2.263543090451105e+21,0.020880194380879402,0.0,0.0,0.13793103448275862,0.288135593220339,0.10810810810810811
30.0,2.085148507520914e+20,-5.185583659592884e+21,0.020645782351493835,0.0,0.0,0.13793103448275862,0.288135593220339,0.10810810810810811
30.5,4.7261594285495655e+20,-1.1882202681262142e+22,0.020429037511348724,0.0,0.0,0.13793103448275862,0.288135593220339,0.10810810810810811
31.0,1.0721734410317217e+21,-2.7232071241008322e+22,0.02022784762084484,0.0,0.0,0.13793103448275862,0.288135593220339,0.10810810810810811
31.5,2.4343335213323413e+21,-6.242272810312032e+22,0.020041417330503464,0.0,0.0,0.13793103448275862,0.288135593220339,0.10810810810810811
32.0,5.53131881053663e+21,-1.4311257871241214e+23,0.019868170842528343,0.0,0.0,0.13793103448275862,0.288135593220339,0.10810810810810811
32.5,1.2577306262149014e+22,-3.281565162306081e+23,0.019706862047314644,0.0,0.0,0.13793103448275862,0.288135593220339,0.10810810810810811
33.0,2.861775228515656e+22,-7.525715297447524e+23,0.019556693732738495,0.0,0.0,0.13793103448275862,0.288135593220339,0.10810810810810811
33.5,6.5155683493794575e+22,-1.7261314506128434e+24,0.01941687799990177,0.0,0.0,0.13793103448275862,0.288135593220339,0.10810810810810811
34.0,1.4842927623090662e+23,-3.959636849978178e+24,0.0192863829433918,0.0,0.0,0.13793103448275862,0.288135593220339,0.10810810810810811
34.5,3.383140789453676e+23,-9.084242657825592e+24,0.01916429027915001,0.0,0.0,0.13793103448275862,0.288135593220339,0.10810810810810811
35.0,7.715034375991193e+23,-2.0843494943561495e+25,0.01905069313943386,0.0,0.0,0.13793103448275862,0.288135593220339,0.10810810810810811
35.5,1.7601829872514066e+24,-4.782971877018012e+25,0.01894417405128479,0.0,0.0,0.13793103448275862,0.288135593220339,0.10810810810810811
36.0,4.017603725617177e+24,-1.0976594865805908e+26,0.018844367936253548,0.0,0.0,0.13793103448275862,0.288135593220339,0.10810810810810811
36.5,9.173871928515233e+24,-2.5192858576720095e+26,0.018750563263893127,0.0,0.0,0.13793103448275862,0.288135593220339,0.10810810810810811
37.0,2.095570879360488e+25,-5.782620030752449e+26,0.018662795424461365,0.0,0.0,0.13793103448275862,0.288135593220339,0.10810810810810811
37.5,4.788571847350189e+25,-1.3274161927758373e+27,0.01858028769493103,0.0,0.0,0.13793103448275862,0.288135593220339,0.10810810810810811
38.0,1.0945946522864644e+26,-3.047351060389222e+27,0.018502742052078247,0.0,0.0,0.13793103448275862,0.288135593220339,0.10810810810810811
38.5,2.5028494397674528e+26,-6.996309906491555e+27,0.018429752439260483,0.0,0.0,0.13793103448275862,0.288135593220339,0.10810810810810811
39.0,5.7245526318874634e+26,-1.6063671483035007e+28,0.01836087740957737,0.0,0.0,0.13793103448275862,0.288135593220339,0.10810810810810811
39.5,1.3096828211889463e+27,-3.6884855661488418e+28,0.018296068534255028,0.0,0.0,0.13793103448275862,0.288135593220339,0.10810810810810811
40.0,2.997092389651566e+27,-8.469881630054358e+28,0.018234755843877792,0.0,0.0,0.13793103448275862,0.288135593220339,0.10810810810810811
40.5,6.860224290963079e+27,-1.9450507625949206e+29,0.01817704737186432,0.0,0.0,0.13793103448275862,0.288135593220339,0.10810810810810811
41.0,1.5706268620511984e+28,-4.4669140347666574e+29,0.018122555688023567,0.0,0.0,0.13793103448275862,0.288135593220339,0.10810810810810811
41.5,3.596650413511448e+28,-1.0259023085428018e+30,0.018070850521326065,0.0,0.0,0.13793103448275862,0.288135593220339,0.10810810810810811
42.0,8.237752761115604e+28,-2.356269260209544e+30,0.01802189275622368,0.0,0.0,0.13793103448275862,0.288135593220339,0.10810810810810811
42.5,1.887118092845691e+29,-5.412067729903438e+30,0.01797553524374962,0.0,0.0,0.13793103448275862,0.288135593220339,0.10810810810810811
43.0,4.323794973822261e+29,-1.243139266557797e+31,0.01793161779642105,0.0,0.0,0.13793103448275862,0.288135593220339,0.10810810810810811
43.5,9.90836735124106e+29,-2.8555761150030284e+31,0.017890000715851784,0.0,0.0,0.13793103448275862,0.288135593220339,0.10810810810810811
44.0,2.2709381379264102e+30,-6.55970064778586e+31,0.01785046048462391,0.0,0.0,0.13793103448275862,0.288135593220339,0.10810810810810811
44.5,5.205609796281291e+30,-1.506918683880652e+32,0.017812883481383324,0.0,0.0,0.13793103448275862,0.288135593220339,0.10810810810810811
45.0,1.1934282368552434e+31,-3.4618664370792724e+32,0.017777038738131523,0.0,0.0,0.13793103448275862,0.288135593220339,0.10810810810810811
45.5,2.7363871513065664e+31,-7.95325023357974e+32,0.017743021249771118,0.0,0.0,0.13793103448275862,0.288135593220339,0.10810810810810811
46.0,6.274966701624977e+31,-1.827225804211056e+33,0.017710581421852112,0.0,0.0,0.13793103448275862,0.288135593220339,0.10810810810810811
46.5,1.439112839366369e+32,-4.1980951430693557e+33,0.017679912969470024,0.0,0.0,0.13793103448275862,0.288135593220339,0.10810810810810811
47.0,3.300842160181751e+32,-9.645486568374476e+33,0.017650341615080833,0.0,0.0,0.13793103448275862,0.288135593220339,0.10810810810810811
47.5,7.571805316699785e+32,-2.2161917020056856e+34,0.017622265964746475,0.0,0.0,0.13793103448275862,0.288135593220339,0.10810810810810811
48.0,1.737066166922387e+33,-5.092149985236719e+34,0.017595555633306503,0.0,0.0,0.13793103448275862,0.288135593220339,0.10810810810810811
48.5,3.985407759769833e+33,-1.170052100777392e+35,0.017569798976182938,0.0,0.0,0.13793103448275862,0.288135593220339,0.10810810810810811
49.0,9.144631502730102e+33,-2.688554215911863e+35,0.017545461654663086,0.0,0.0,0.13793103448275862,0.288135593220339,0.10810810810810811
49.5,2.098440826172923e+34,-6.177911045844779e+35,0.017522208392620087,0.0,0.0,0.13793103448275862,0.288135593220339,0.10810810810810811
50.0,4.815702624007806e+34,-1.4196235262618908e+36,0.017499567940831184,0.0,0.0,0.13793103448275862,0.288135593220339,0.10810810810810811
50.5,1.1052370265525195e+35,-3.262218640786884e+36,0.017478208988904953,0.0,0.0,0.13793103448275862,0.288135593220339,0.10810810810810811
51.0,2.536770486730286e+35,-7.496538313485286e+36,0.017457779496908188,0.0,0.0,0.13793103448275862,0.288135593220339,0.10810810810810811
51.5,5.8228599390574175e+35,-1.7227252497945216e+37,0.017438024282455444,0.0,0.0,0.13793103448275862,0.288135593220339,0.10810810810810811
52.0,1.3366527838067776e+36,-3.958936207042772e+37,0.017419399693608284,0.0,0.0,0.13793103448275862,0.288135593220339,0.10810810810810811
52.5,3.068507368002758e+36,-9.098037882849862e+37,0.017401214689016342,0.0,0.0,0.13793103448275862,0.288135593220339,0.10810810810810811
53.0,7.04466270697373e+36,-inf,0.0,0.0,0.0,0.13793103448275862,0.288135593220339,0.10810810810810811
53.5,1.6173998376082987e+37,-inf,0.0,0.0,0.0,0.13793103448275862,0.288135593220339,0.10810810810810811
54.0,3.713616659934804e+37,-inf,0.0,0.0,0.0,0.13793103448275862,0.288135593220339,0.10810810810810811
54.5,8.527029233519217e+37,-inf,0.0,,,0.13793103448275862,0.288135593220339,0.10810810810810811
55.0,1.958028328919726e+38,-inf,0.0,,,0.13793103448275862,0.288135593220339,0.10810810810810811
55.5,inf,-inf,,,,0.13793103448275862,0.288135593220339,0.10810810810810811
56.0,inf,-inf,,,,0.13793103448275862,0.288135593220339,0.10810810810810811
56.5,-inf,-inf,,,,0.13793103448275862,0.288135593220339,0.10810810810810811
57.0,,-inf,,,,0.13793103448275862,0.288135593220339,0.10810810810810811
57.5,,-inf,,,,0.13793103448275862,0.288135593220339,0.10810810810810811
58.0,,-inf,,,,0.13793103448275862,0.288135593220339,0.10810810810810811
58.5,,-inf,,,,0.13793103448275862,0.288135593220339,0.10810810810810811
59.0,,-inf,,,,0.13793103448275862,0.288135593220339,0.10810810810810811
59.5,,-inf,,,,0.13793103448275862,0.288135593220339,0.10810810810810811
60.0,,-inf,,,,0.13793103448275862,0.288135593220339,0.10810810810810811
60.5,,-inf,,,,0.13793103448275862,0.288135593220339,0.10810810810810811
61.0,,-inf,,,,0.13793103448275862,0.288135593220339,0.10810810810810811
61.5,,-inf,,,,0.13793103448275862,0.288135593220339,0.10810810810810811
62.0,,-inf,,,,0.13793103448275862,0.288135593220339,0.10810810810810811
62.5,,,,,,0.13793103448275862,0.288135593220339,0.10810810810810811
63.0,,,,,,0.13793103448275862,0.288135593220339,0.10810810810810811
63.5,,,,,,0.13793103448275862,0.288135593220339,0.10810810810810811
64.0,,,,,,0.13793103448275862,0.288135593220339,0.10810810810810811
